1.289164384e-07 2.588802168e-07 9.168534021e-08 1.624094459e-08 5.451938279e-08 3.634625401e-08 0 1.8173127e-08 1.8173127e-08 0 
2.412934563e-07 2.685087537e-07 7.334827217e-08 1.299275567e-08 4.361550623e-08 2.907700321e-08 7.675572533e-08 1.45385016e-08 2.988964667e-08 0 
2.327375235e-07 3.081830068e-07 8.222998815e-08 3.193372441e-08 6.800589839e-08 2.4230836e-08 6.396310444e-08 1.2115418e-08 3.54612529e-08 0 
2.064130317e-07 2.84928041e-07 9.125402503e-08 2.737176378e-08 7.213822175e-08 2.0769288e-08 5.482551809e-08 1.0384644e-08 3.731908547e-08 0 
2.099045981e-07 2.216833711e-07 5.963169006e-08 2.737176378e-08 8.38428552e-08 2.0769288e-08 5.482551809e-08 1.0384644e-08 3.731908547e-08 0 
1.979102246e-07 2.388683121e-07 5.963169006e-08 2.737176378e-08 8.38428552e-08 2.0769288e-08 5.482551809e-08 1.0384644e-08 5.67719611e-08 0 
2.116958347e-07 2.850006118e-07 5.963169006e-08 1.809122401e-08 8.38428552e-08 6.690158776e-08 5.482551809e-08 1.0384644e-08 6.830503604e-08 0 
2.107527435e-07 2.42047398e-07 4.877550046e-08 1.809122401e-08 5.268892218e-08 4.613229976e-08 8.456481331e-08 0 5.792039204e-08 0 
1.463983682e-07 2.439623959e-07 6.021935357e-08 1.809122401e-08 5.268892218e-08 4.613229976e-08 2.973929522e-08 2.288770621e-08 5.839914152e-08 0 
1.192615312e-07 1.846236697e-07 5.515429941e-08 0 2.555208515e-08 4.613229976e-08 4.276546507e-08 2.288770621e-08 6.237969937e-08 0 
1.123378053e-07 1.638524917e-07 6.348320828e-08 1.455004346e-08 1.170463345e-08 4.613229976e-08 4.276546507e-08 2.288770621e-08 5.545597353e-08 0 
1.310797748e-07 1.907804271e-07 9.041114371e-08 1.455004346e-08 0 5.959626748e-08 4.276546507e-08 2.288770621e-08 8.238390896e-08 0 
1.310797748e-07 1.616011127e-07 1.007088691e-07 1.455004346e-08 0 5.959626748e-08 4.276546507e-08 3.318543155e-08 6.293103334e-08 0 
1.08013625e-07 1.240259664e-07 1.007088691e-07 2.310719692e-08 0 1.346396772e-08 4.276546507e-08 4.174258501e-08 5.995511186e-08 0 
1.147552382e-07 1.341383862e-07 9.079577065e-08 2.974914943e-08 0 1.346396772e-08 1.302616986e-08 5.502649003e-08 7.323901688e-08 0 
8.042368092e-08 1.165657711e-07 7.935191754e-08 3.679984876e-08 0 3.46160657e-08 1.302616986e-08 3.213878382e-08 7.589656243e-08 0 
1.137848236e-07 1.1021183e-07 7.299797643e-08 4.347207749e-08 0 3.46160657e-08 1.334445748e-08 3.881101256e-08 8.28870798e-08 0 
1.328188729e-07 1.1021183e-07 6.293193877e-08 3.526671729e-08 0 4.096074895e-08 1.334445748e-08 3.881101256e-08 1.019211291e-07 0 
9.672317601e-08 9.512401127e-08 4.784412003e-08 3.526671729e-08 0 3.933689793e-08 1.334445748e-08 3.881101256e-08 8.091325197e-08 0 
1.240690344e-07 9.512401127e-08 4.301556647e-08 4.073588907e-08 0 3.933689793e-08 1.334445748e-08 2.851328722e-08 8.638242375e-08 0 
1.370118505e-07 1.706951664e-07 4.301556647e-08 3.865014366e-08 0 3.933689793e-08 3.275868161e-08 1.995613376e-08 1.037109025e-07 0 
1.152267934e-07 1.643227228e-07 4.779831946e-08 3.200819115e-08 0 3.933689793e-08 4.232418758e-08 1.145498173e-08 1.047752569e-07 0 
1.624924982e-07 1.455730662e-07 5.725146021e-08 2.495749182e-08 0 1.818479995e-08 4.705075796e-08 1.145498173e-08 9.540042864e-08 0 
1.291313555e-07 1.564274338e-07 7.248747685e-08 1.828526308e-08 0 3.132974718e-08 3.370630048e-08 1.792770021e-08 8.414703956e-08 0 
1.148619434e-07 1.61192071e-07 5.345342759e-08 1.670521702e-08 0 2.498506392e-08 3.847093767e-08 4.651552235e-08 7.464226469e-08 0 
1.209035462e-07 1.731537311e-07 4.161331089e-08 3.030623219e-08 3.400253793e-09 1.314494723e-08 4.187119147e-08 4.651552235e-08 7.212246013e-08 0 
9.709988826e-08 1.766959315e-07 4.677074017e-08 2.837926085e-08 3.400253793e-09 1.314494723e-08 4.187119147e-08 4.651552235e-08 6.665328835e-08 0 
8.415707217e-08 1.031029466e-07 4.677074017e-08 2.980934585e-08 3.400253793e-09 1.314494723e-08 2.77246292e-08 4.651552235e-08 4.076765617e-08 0 
9.658457171e-08 8.253136409e-08 4.413926875e-08 2.980934585e-08 1.415666187e-08 1.314494723e-08 2.246168635e-08 4.173276937e-08 4.362964923e-08 0 
4.931886696e-08 7.59262083e-08 7.455791692e-08 2.980934585e-08 1.415666187e-08 1.314494723e-08 1.773511598e-08 4.173276937e-08 4.175106381e-08 0 
6.369852227e-08 6.66165576e-08 7.319203453e-08 4.624323705e-08 2.442784337e-08 2.0542364e-09 2.184358878e-08 2.858782214e-08 3.298776566e-08 0 
7.014209784e-08 7.978506084e-08 7.767531964e-08 4.820352752e-08 2.891112848e-08 8.779164062e-09 1.932059414e-08 0 2.345849128e-08 0 
7.483759771e-08 7.226744257e-08 1.041370781e-07 4.274459161e-08 3.975951302e-08 1.488572364e-08 1.592034035e-08 6.106559575e-09 4.244895559e-08 0 
8.407851786e-08 7.937784195e-08 1.57426078e-07 4.985499099e-08 4.615107331e-08 3.192988375e-08 1.592034035e-08 1.03675996e-08 4.670999562e-08 0 
1.038144818e-07 1.142352364e-07 2.817626521e-07 4.787428714e-08 5.60190553e-08 4.574505853e-08 2.644144966e-08 1.03675996e-08 5.263078481e-08 0 
1.093817608e-07 1.133862413e-07 2.916700644e-07 5.591341637e-08 5.196192124e-08 4.708491337e-08 2.615845115e-08 1.840672884e-08 4.613937093e-08 0 
1.343941156e-07 1.261709782e-07 2.736840859e-07 5.903996073e-08 5.665173778e-08 5.021145772e-08 2.928499551e-08 1.840672884e-08 5.423429122e-08 0 
1.483011057e-07 1.383832772e-07 2.98714651e-07 4.732051043e-08 5.109499719e-08 4.815722132e-08 2.989096361e-08 2.469265021e-08 6.366317302e-08 0 
1.624207308e-07 1.407124058e-07 3.077395456e-07 4.734967263e-08 4.998875701e-08 4.480933859e-08 3.271488832e-08 2.469265021e-08 6.872874029e-08 0 
1.672922362e-07 1.383319059e-07 3.118658378e-07 4.894015504e-08 4.269194801e-08 4.148351085e-08 4.383781566e-08 1.858609063e-08 5.328985152e-08 0 
1.763890367e-07 1.418369016e-07 2.711172107e-07 4.214871753e-08 4.144860429e-08 2.830051304e-08 4.512486981e-08 1.561210475e-08 5.546408234e-08 0 
1.671598083e-07 1.148309709e-07 1.848675544e-07 4.01679543e-08 5.784746066e-08 1.973870603e-08 2.933609863e-08 1.561210475e-08 6.530339698e-08 0 
1.676006331e-07 1.248849963e-07 1.860764921e-07 3.876264084e-08 6.109891031e-08 1.83988512e-08 2.86334419e-08 8.67861148e-09 5.790146622e-08 0 
1.732000529e-07 1.296601237e-07 1.856189229e-07 3.971766636e-08 6.355184087e-08 1.935387672e-08 2.856807502e-08 1.378057376e-08 5.104013085e-08 0 
1.854164872e-07 1.279246088e-07 1.722407492e-07 4.227300897e-08 6.299156193e-08 2.454657937e-08 3.216195805e-08 7.494652391e-09 4.576541102e-08 0 
1.79399518e-07 1.149039152e-07 1.708018626e-07 3.793277768e-08 5.961451701e-08 2.116953444e-08 3.071717852e-08 7.494652391e-09 4.432063148e-08 0 
1.613417341e-07 1.037840744e-07 1.457814476e-07 3.515976082e-08 5.405459661e-08 2.395643836e-08 1.959425117e-08 1.44541972e-08 3.876071109e-08 0 
1.445956386e-07 1.029744252e-07 1.246680039e-07 3.848595398e-08 5.198667516e-08 2.52291016e-08 2.344102258e-08 1.932773332e-08 3.43789704e-08 0 
1.453760398e-07 1.040836007e-07 8.863329283e-08 3.967644448e-08 3.495476683e-08 2.408014715e-08 2.75454359e-08 1.932773332e-08 2.272327989e-08 0 
1.466176747e-07 1.008717851e-07 7.758929689e-08 3.748989995e-08 3.501040334e-08 2.408014715e-08 3.312307051e-08 2.155755092e-08 2.941273219e-08 0 
1.270001227e-07 9.695526946e-08 6.825470005e-08 3.670659687e-08 2.896707851e-08 2.879395541e-08 3.336015984e-08 1.645558864e-08 3.412654045e-08 0 
1.028039337e-07 9.021992626e-08 4.366982801e-08 3.704669562e-08 2.807429476e-08 3.55596393e-08 2.831321412e-08 1.862984078e-08 3.54080091e-08 0 
1.006137446e-07 1.162126129e-07 3.663602894e-08 4.369672624e-08 3.109559124e-08 3.958803469e-08 2.872082178e-08 2.064403848e-08 3.480851785e-08 0 
9.426338567e-08 1.253763143e-07 3.604652614e-08 4.271094107e-08 3.169493556e-08 3.60116522e-08 3.170770161e-08 1.368449367e-08 3.341660891e-08 0 
1.03814563e-07 1.30629372e-07 4.476199792e-08 3.748158596e-08 3.742564239e-08 4.164682859e-08 2.951087654e-08 1.339790437e-08 3.33210791e-08 0 
1.049238959e-07 1.282977503e-07 5.701340936e-08 3.425821861e-08 3.391215981e-08 4.421743695e-08 2.922076143e-08 1.625862809e-08 3.589168746e-08 0 
8.896415541e-08 1.338350667e-07 7.922799382e-08 3.406107269e-08 2.603086229e-08 4.421743695e-08 2.351381287e-08 1.8235831e-08 3.757317162e-08 0 
9.164965472e-08 1.32733421e-07 7.226424513e-08 3.845764976e-08 2.835137052e-08 3.713202406e-08 2.791038994e-08 1.909081363e-08 3.647263735e-08 0 
8.893344981e-08 1.377633916e-07 7.314854145e-08 3.594427486e-08 3.613242429e-08 3.45172339e-08 3.059493687e-08 2.201306883e-08 3.613351409e-08 0 
9.354413929e-08 1.217643525e-07 8.459891276e-08 3.062717343e-08 3.610855792e-08 3.04888385e-08 2.956397159e-08 2.074822866e-08 3.685900537e-08 0 
9.967284547e-08 1.131700212e-07 9.890161071e-08 3.219808648e-08 3.998538377e-08 3.185077319e-08 2.825368574e-08 2.326311956e-08 3.685900537e-08 0 
1.010489404e-07 1.068510337e-07 1.211995766e-07 3.496393866e-08 3.400869313e-08 2.486085319e-08 3.193007852e-08 1.738911859e-08 3.584577549e-08 0 
9.924803227e-08 1.07093686e-07 1.099232619e-07 3.532726695e-08 3.434185241e-08 2.49972642e-08 2.887260615e-08 1.906934965e-08 3.37117086e-08 0 
9.701484162e-08 1.022400295e-07 9.096871929e-08 3.499405413e-08 4.396752727e-08 2.969755921e-08 3.038530722e-08 1.375669318e-08 2.985768927e-08 0 
9.027195093e-08 1.034987377e-07 1.038745846e-07 3.146130924e-08 4.401601242e-08 3.214969294e-08 2.6158879e-08 1.567644313e-08 2.285652854e-08 0 
9.193504218e-08 1.01070804e-07 1.050873547e-07 3.191162991e-08 3.644034788e-08 2.488615714e-08 2.506642817e-08 1.265999635e-08 2.192014234e-08 0 
9.427197867e-08 9.812613731e-08 1.021399108e-07 3.342978415e-08 3.419505231e-08 2.488615714e-08 2.808607442e-08 1.567131161e-08 2.118189275e-08 0 
9.060304659e-08 1.01434857e-07 8.952098745e-08 2.969191572e-08 3.118207654e-08 2.248467025e-08 3.021628471e-08 2.077002925e-08 2.213359381e-08 0 
9.610710348e-08 9.514316141e-08 6.004821199e-08 3.455257617e-08 2.954582934e-08 1.870558832e-08 2.59990197e-08 2.31661575e-08 2.358495158e-08 0 
1.016208106e-07 8.579080202e-08 6.507554292e-08 3.688474694e-08 3.039519487e-08 1.189415563e-08 3.329682815e-08 1.977586476e-08 1.904399679e-08 0 
1.060044106e-07 6.940143647e-08 5.959186541e-08 3.722809845e-08 2.503485336e-08 7.193860618e-09 2.966159915e-08 2.297106277e-08 1.334030378e-08 0 
1.22474203e-07 7.323383601e-08 4.44819323e-08 4.281875882e-08 2.25417137e-08 5.957589596e-09 2.716845948e-08 2.214688217e-08 1.654772459e-08 0 
1.24366896e-07 6.438890259e-08 4.144305572e-08 4.489258438e-08 2.38378548e-08 6.735274053e-09 2.517273019e-08 2.959263869e-08 1.619793024e-08 0 
1.186554682e-07 6.937306856e-08 3.983660487e-08 4.329901796e-08 2.492140805e-08 7.653117949e-09 2.374487324e-08 3.042118532e-08 2.512136264e-08 0 
1.158660408e-07 7.306834452e-08 3.921638734e-08 4.639700256e-08 2.983419239e-08 8.427614099e-09 2.252736486e-08 2.280757678e-08 2.762205601e-08 0 
1.140058745e-07 7.693051783e-08 4.875885422e-08 4.748602502e-08 2.945716947e-08 1.417490246e-08 2.587852497e-08 2.369561334e-08 2.522592776e-08 0 
1.088850985e-07 7.648330172e-08 4.408529465e-08 4.795498881e-08 2.593427194e-08 1.671070844e-08 2.035969666e-08 2.592602602e-08 2.522592776e-08 0 
1.134313854e-07 9.017359963e-08 4.661811914e-08 4.622754928e-08 2.460952489e-08 3.444047936e-08 2.098318027e-08 2.948502648e-08 2.562862024e-08 0 
9.954340336e-08 7.921144578e-08 5.148027046e-08 4.599343154e-08 3.22875591e-08 3.584130649e-08 2.779588356e-08 3.099579869e-08 2.432350956e-08 0 
1.031869163e-07 8.537594606e-08 5.223719235e-08 4.654027132e-08 2.826714995e-08 3.446856026e-08 2.939313491e-08 2.295498039e-08 2.274068096e-08 0 
9.733719456e-08 7.694075929e-08 4.864332607e-08 4.62041374e-08 2.8099083e-08 3.355071636e-08 2.813915716e-08 2.253481313e-08 1.331014156e-08 0 
1.010637293e-07 8.47564005e-08 4.696311378e-08 4.729539148e-08 2.541958625e-08 3.400525804e-08 2.773060017e-08 2.544246515e-08 1.567305117e-08 0 
9.651415768e-08 9.005932305e-08 3.88782601e-08 4.16736616e-08 2.604191808e-08 3.258808867e-08 2.41483713e-08 2.79317925e-08 1.783811067e-08 0 
1.079245564e-07 9.887775881e-08 4.371011235e-08 5.302790359e-08 3.162040052e-08 7.037028839e-08 2.161256532e-08 2.828386642e-08 2.157125932e-08 7.466297422e-10 
9.976269817e-08 9.918914502e-08 4.743069988e-08 5.831184399e-08 2.889978111e-08 5.342219397e-08 2.617742772e-08 2.465637396e-08 2.060178783e-08 7.466297422e-10 
9.989180175e-08 1.059974559e-07 5.151686823e-08 6.289375243e-08 2.395714205e-08 5.429047821e-08 2.581079071e-08 2.342145246e-08 1.949006302e-08 7.466297422e-10 
9.057268053e-08 1.032941555e-07 5.020966753e-08 6.084405234e-08 3.086188422e-08 5.509965189e-08 2.441469097e-08 2.346590198e-08 1.879201315e-08 7.466297422e-10 
9.233765143e-08 1.052244179e-07 4.562738606e-08 7.178093751e-08 3.295008622e-08 5.810431025e-08 2.633760156e-08 2.380383763e-08 1.779291114e-08 7.466297422e-10 
9.049236585e-08 1.080760634e-07 4.652202585e-08 6.97918863e-08 3.086519116e-08 6.34323109e-08 2.490773664e-08 2.540142953e-08 1.19776071e-08 7.466297422e-10 
9.305354455e-08 1.106372421e-07 4.343873071e-08 6.736476139e-08 3.270266902e-08 6.435155323e-08 2.471118757e-08 2.750197911e-08 1.374956847e-08 7.466297422e-10 
8.30383371e-08 1.131128014e-07 3.587757659e-08 5.941195447e-08 2.635020329e-08 2.533709325e-08 3.31842346e-08 2.898301332e-08 1.131996554e-08 0 
8.302837072e-08 1.05495631e-07 3.409469697e-08 6.756137719e-08 3.103029605e-08 2.64713592e-08 2.756947007e-08 2.713360229e-08 1.10339075e-08 0 
8.949175877e-08 1.059242568e-07 2.737611192e-08 6.183861626e-08 3.763075007e-08 2.192086519e-08 2.401479986e-08 2.619609025e-08 9.549639048e-09 0 
9.256184949e-08 1.045773109e-07 2.517319064e-08 6.634690435e-08 3.725398479e-08 2.577863466e-08 2.598930982e-08 2.858151392e-08 9.138725586e-09 0 
8.986214439e-08 1.039310022e-07 2.417270638e-08 5.868758965e-08 3.515136499e-08 2.608038236e-08 2.844610522e-08 3.399374433e-08 8.738531803e-09 0 
9.298535833e-08 9.300686443e-08 2.447177178e-08 6.985116358e-08 3.972311851e-08 2.463184253e-08 3.426044769e-08 3.302361673e-08 1.176863166e-08 0 
8.508810215e-08 9.699617617e-08 2.663771997e-08 8.16970877e-08 4.316076284e-08 2.30001324e-08 4.107766216e-08 3.135126305e-08 1.041564739e-08 0 
8.484057342e-08 9.654171913e-08 2.938407054e-08 8.002028754e-08 4.637902557e-08 3.043461794e-08 3.406095368e-08 2.953520362e-08 1.056844022e-08 0 
8.913174452e-08 1.052421748e-07 4.536991532e-08 6.971224664e-08 4.196535563e-08 4.157593768e-08 3.646900077e-08 3.565702362e-08 1.364356564e-08 0 
8.938130439e-08 1.052463315e-07 4.779613759e-08 7.170953152e-08 3.404847832e-08 4.691711197e-08 3.778986571e-08 4.55412896e-08 1.603781349e-08 0 
8.478002554e-08 1.119438033e-07 4.885110246e-08 7.102312389e-08 3.327701974e-08 5.146943443e-08 3.696170582e-08 4.697854981e-08 1.759534474e-08 2.293771014e-09 
8.136025339e-08 1.229194879e-07 5.288963857e-08 8.037591672e-08 3.298259164e-08 5.56362905e-08 3.604063283e-08 4.283412507e-08 1.819167801e-08 5.011320882e-09 
8.523048832e-08 1.201397143e-07 4.89258815e-08 7.625504292e-08 3.304618623e-08 7.503890538e-08 3.456797921e-08 4.534642731e-08 1.643471886e-08 8.512457786e-09 
8.262578989e-08 1.197640504e-07 5.6083904e-08 7.903684006e-08 3.57380916e-08 9.118309612e-08 3.142849485e-08 4.667306034e-08 1.447804232e-08 1.478605835e-08 
8.138040032e-08 1.136408549e-07 5.813116338e-08 8.743034538e-08 3.621791755e-08 9.362242994e-08 3.169175094e-08 4.986671596e-08 1.47412984e-08 2.023144116e-08 
8.273742631e-08 1.102380627e-07 4.070536264e-08 9.16904485e-08 3.773906952e-08 8.883037645e-08 3.25021536e-08 4.852875384e-08 1.314394758e-08 2.298651073e-08 
8.00173327e-08 1.090675847e-07 3.546196632e-08 9.027919694e-08 4.19702561e-08 9.492643065e-08 3.238112534e-08 4.476049398e-08 1.074969973e-08 2.727355611e-08 
7.809706405e-08 1.056147855e-07 3.660215242e-08 9.103206366e-08 4.043563199e-08 9.147781859e-08 3.123089013e-08 4.513650812e-08 9.219263004e-09 2.612541447e-08 
8.185502612e-08 9.365779669e-08 3.288198387e-08 8.275072411e-08 4.253477646e-08 8.89993288e-08 2.674229498e-08 5.396181889e-08 8.673434098e-09 2.801842364e-08 
7.567568768e-08 9.804112823e-08 3.506600648e-08 7.574174989e-08 4.206928469e-08 7.675058405e-08 2.467009099e-08 5.320002826e-08 7.400293394e-09 2.980291468e-08 
7.413182043e-08 9.336878191e-08 3.192526243e-08 6.664108503e-08 3.868408095e-08 6.372278552e-08 2.256808378e-08 5.594998395e-08 1.10260135e-08 2.778239429e-08 
7.309869637e-08 8.720604683e-08 2.853355495e-08 6.254117935e-08 4.593315823e-08 5.624203604e-08 2.331289955e-08 5.100114515e-08 1.094935913e-08 2.726583226e-08 
6.712940197e-08 8.20799804e-08 3.098808981e-08 6.176478148e-08 4.606675143e-08 5.407139549e-08 2.128417265e-08 4.55494491e-08 8.194289564e-09 2.69485899e-08 
6.008364295e-08 8.261144505e-08 3.524454176e-08 6.892168055e-08 4.603615749e-08 4.198972167e-08 2.354526479e-08 4.547215322e-08 8.194289564e-09 2.852362511e-08 
5.882704457e-08 7.454272044e-08 3.364305659e-08 6.950048461e-08 4.858599389e-08 4.976252934e-08 2.124167629e-08 4.199827578e-08 7.800083183e-09 2.963226464e-08 
5.99106466e-08 7.152191905e-08 3.300576549e-08 6.42526342e-08 4.837662791e-08 4.964058701e-08 2.137281177e-08 3.389527839e-08 6.647443421e-09 3.070667428e-08 
5.813145977e-08 6.80013077e-08 3.604971585e-08 6.980489532e-08 4.529491525e-08 4.460979624e-08 2.108021256e-08 3.679292953e-08 6.647443421e-09 3.15585054e-08 
7.217309874e-08 6.061984058e-08 3.601485459e-08 6.687115014e-08 4.390793329e-08 4.135441399e-08 2.449330155e-08 3.521130606e-08 2.974140109e-09 3.078408639e-08 
7.075615116e-08 6.402493494e-08 3.677474376e-08 5.972029423e-08 3.204181466e-08 3.934593718e-08 2.653059455e-08 3.525650457e-08 2.456625697e-09 2.979425621e-08 
7.639771685e-08 7.073441439e-08 3.952002662e-08 5.366483994e-08 2.983321564e-08 3.73665661e-08 2.675982274e-08 3.773344545e-08 2.456625697e-09 2.889962783e-08 
8.732150241e-08 6.726603401e-08 3.633158587e-08 4.484354627e-08 2.664477489e-08 4.028633719e-08 2.332524999e-08 3.381224431e-08 2.456625697e-09 2.547068968e-08 
9.516034589e-08 7.010100234e-08 3.649557609e-08 3.999692767e-08 2.205087503e-08 3.401886709e-08 2.491009101e-08 3.564643729e-08 3.457400715e-09 3.080927894e-08 
8.844768321e-08 6.922756159e-08 3.985751564e-08 4.480845561e-08 2.121830267e-08 3.156201814e-08 2.440646085e-08 3.059891908e-08 4.906989355e-09 3.188905724e-08 
9.132387798e-08 7.298981432e-08 3.686068695e-08 3.608240462e-08 2.477180353e-08 2.433438162e-08 2.167870125e-08 3.053860162e-08 7.773917129e-09 3.530802343e-08 
8.257867127e-08 7.229641495e-08 3.303532635e-08 3.801693842e-08 2.680927924e-08 2.65777409e-08 1.615188402e-08 2.804080384e-08 7.670975315e-09 3.802821778e-08 
8.535980608e-08 7.136247047e-08 3.626428478e-08 3.839403563e-08 3.030044583e-08 3.179534261e-08 1.294500697e-08 2.894231775e-08 8.70359337e-09 3.754209743e-08 
8.552553104e-08 6.33915036e-08 3.026805422e-08 4.022279754e-08 3.89668323e-08 3.125480712e-08 1.312157202e-08 3.300524324e-08 8.70359337e-09 4.002039284e-08 
7.630320959e-08 6.027991312e-08 3.059499168e-08 4.370856591e-08 3.970858486e-08 3.331281879e-08 1.503595686e-08 3.457662626e-08 1.119248475e-08 4.505392478e-08 
7.412777541e-08 6.318362722e-08 3.282591722e-08 4.556798418e-08 4.507239889e-08 2.777344056e-08 2.052360681e-08 3.693138773e-08 1.036074721e-08 4.528498059e-08 
8.007805314e-08 7.403879059e-08 3.387738648e-08 4.27234994e-08 5.195260679e-08 2.731455202e-08 2.152646074e-08 3.743889161e-08 1.135752422e-08 4.292369178e-08 
7.6855281e-08 7.301894962e-08 3.408007058e-08 4.848211686e-08 5.005782988e-08 2.980912736e-08 2.382660608e-08 3.449125683e-08 9.64066912e-09 3.969266617e-08 
7.601968071e-08 7.516350158e-08 3.694027662e-08 5.14611967e-08 4.517006959e-08 2.825894439e-08 2.835586902e-08 3.306021564e-08 9.759810864e-09 4.18374856e-08 
7.53855609e-08 7.823353038e-08 3.647023179e-08 5.773281789e-08 4.667773825e-08 2.358219524e-08 3.37480167e-08 3.660028928e-08 7.601766962e-09 4.339984575e-08 
7.683857411e-08 8.751649209e-08 3.931400602e-08 5.726085409e-08 4.039694902e-08 2.572021351e-08 4.166972875e-08 3.325941935e-08 7.601766962e-09 4.699525797e-08 
7.991085076e-08 8.874597666e-08 4.156413296e-08 5.724589311e-08 3.864218228e-08 2.433250909e-08 4.304247244e-08 3.486344673e-08 5.112875583e-09 4.431535469e-08 
8.074416513e-08 8.884128988e-08 3.655489803e-08 5.59072174e-08 3.540928795e-08 2.363652233e-08 4.15326209e-08 2.968303584e-08 4.823821342e-09 4.343690918e-08 
7.722106789e-08 8.176924382e-08 3.260798488e-08 5.905132688e-08 3.30800842e-08 2.40017583e-08 4.149989279e-08 3.643467483e-08 2.958037815e-09 4.30975258e-08 
8.890304315e-08 7.938641744e-08 3.902400891e-08 5.23241959e-08 3.20757564e-08 3.194202566e-08 4.299657595e-08 3.790379807e-08 1.807965143e-09 4.531499062e-08 
9.170378235e-08 7.512500742e-08 4.803771856e-08 4.758106734e-08 3.998708463e-08 4.178022829e-08 4.134758948e-08 3.421367913e-08 1.211988351e-09 4.451518341e-08 
9.225185644e-08 7.45585861e-08 4.357881878e-08 4.256124989e-08 3.886800215e-08 4.623270681e-08 3.911492869e-08 3.142468774e-08 1.211988351e-09 4.840857949e-08 
8.701189103e-08 6.660071149e-08 3.959142639e-08 4.138969028e-08 3.87869881e-08 4.597275424e-08 3.223068923e-08 3.088787067e-08 3.393079214e-09 4.406330919e-08 
8.914446019e-08 6.08934079e-08 3.698324986e-08 3.905767379e-08 4.314417775e-08 5.925911343e-08 2.673817637e-08 2.599370433e-08 3.393079214e-09 4.433946975e-08 
9.540624291e-08 6.913486926e-08 3.99693595e-08 3.455236947e-08 4.785358446e-08 6.161381678e-08 3.018477049e-08 2.961122014e-08 2.761672986e-09 3.983416543e-08 
9.623156164e-08 5.969281742e-08 3.865545725e-08 2.859381024e-08 5.359866658e-08 7.835958879e-08 3.045987665e-08 2.249149705e-08 2.181090863e-09 4.21261243e-08 
8.273901539e-08 6.276282592e-08 4.193848443e-08 2.98625433e-08 4.885263089e-08 6.908053507e-08 3.299734276e-08 2.323705736e-08 5.34823817e-09 4.308470228e-08 
9.001854601e-08 6.495888614e-08 2.866046422e-08 3.121135794e-08 4.204078305e-08 6.469519726e-08 3.54238528e-08 2.504677266e-08 5.34823817e-09 4.035318568e-08 
1.033280316e-07 5.840659093e-08 3.213037379e-08 2.717129569e-08 3.723680615e-08 6.106938599e-08 3.47891128e-08 2.476169631e-08 6.112152816e-09 3.831979102e-08 
1.062570633e-07 5.636061256e-08 3.570118664e-08 2.545344557e-08 3.908976863e-08 5.872423081e-08 3.462504873e-08 2.537452521e-08 3.931061952e-09 4.437087142e-08 
1.078474163e-07 6.563460924e-08 3.383504943e-08 2.229725331e-08 3.686664485e-08 6.146674915e-08 4.199230779e-08 2.896890791e-08 3.931061952e-09 4.232624054e-08 
9.703611882e-08 5.508597197e-08 4.274557914e-08 2.421209696e-08 3.146099609e-08 5.876392477e-08 3.223165125e-08 3.062109131e-08 3.931061952e-09 4.496691882e-08 
9.547039527e-08 6.87695904e-08 4.447670702e-08 3.059141524e-08 2.339711967e-08 4.168790595e-08 3.502987944e-08 3.567235548e-08 4.595089198e-09 3.993893965e-08 
9.549800747e-08 6.642874492e-08 3.507934793e-08 3.731443104e-08 2.957847148e-08 4.266715032e-08 3.425880151e-08 3.322742665e-08 1.427941892e-09 3.538257877e-08 
8.165244582e-08 6.992038339e-08 4.087327429e-08 3.462842977e-08 3.363612982e-08 3.419995956e-08 2.925777715e-08 3.149752751e-08 2.006697665e-09 3.346400655e-08 
6.792618125e-08 7.299332745e-08 3.884193031e-08 3.973617435e-08 4.308079074e-08 3.573815973e-08 2.696949026e-08 2.89522977e-08 1.242783019e-09 3.118263349e-08 
6.529336462e-08 6.99720703e-08 3.845347761e-08 4.435436348e-08 4.256285432e-08 3.547919152e-08 2.766005659e-08 2.934073822e-08 1.242783019e-09 2.375898614e-08 
5.53657955e-08 6.22074222e-08 4.163881303e-08 4.752241115e-08 4.413823415e-08 1.726858136e-08 2.189129386e-08 2.875319754e-08 1.242783019e-09 2.261847966e-08 
5.759879075e-08 6.094376762e-08 3.392740539e-08 4.600448023e-08 4.829445694e-08 1.711756083e-08 2.472837072e-08 2.424716922e-08 1.648079704e-09 2.280649434e-08 
5.799045612e-08 5.403113284e-08 3.440726561e-08 4.297614912e-08 4.858626162e-08 1.512547915e-08 2.10321236e-08 2.140689315e-08 9.840524586e-10 2.793843404e-08 
6.023843265e-08 5.511510435e-08 3.836511857e-08 4.03351851e-08 4.965410889e-08 1.272520318e-08 1.926610642e-08 1.956861124e-08 9.840524586e-10 3.438495127e-08 
6.232477594e-08 5.073767742e-08 3.610780094e-08 4.304602034e-08 4.845684641e-08 1.224390418e-08 1.989658317e-08 2.111594988e-08 7.434029582e-10 3.487223513e-08 
5.833278952e-08 5.10895996e-08 3.86810038e-08 4.666113997e-08 4.273294912e-08 7.970379594e-09 2.317030961e-08 2.412919693e-08 7.434029582e-10 3.316138399e-08 
5.632037262e-08 5.274068268e-08 3.745512497e-08 4.963024531e-08 4.739563205e-08 6.035883729e-09 2.241919793e-08 2.412212906e-08 7.434029582e-10 3.491874688e-08 
5.961126399e-08 5.298681011e-08 3.548800212e-08 4.854405132e-08 4.838394472e-08 6.809428513e-09 2.349683876e-08 2.515510593e-08 1.016139268e-09 3.740473353e-08 
5.700731772e-08 5.525001155e-08 3.532659777e-08 5.45840437e-08 4.928778706e-08 6.127955603e-09 2.469479326e-08 2.689465184e-08 6.108425829e-10 3.617090779e-08 
5.945736855e-08 5.103003582e-08 3.474661397e-08 5.700407714e-08 5.354782776e-08 7.047959232e-09 2.609480987e-08 2.86146771e-08 6.108425829e-10 3.569093719e-08 
5.748075945e-08 4.81494438e-08 3.051989264e-08 5.445370529e-08 5.121103896e-08 8.70697292e-09 2.571493926e-08 3.106103692e-08 6.108425829e-10 2.814383342e-08 
5.867916591e-08 4.892735157e-08 3.089548604e-08 6.107146281e-08 5.730771997e-08 9.127472175e-09 2.619964588e-08 3.493645754e-08 4.920786635e-10 3.134304143e-08 
6.293254172e-08 4.97877767e-08 3.083801329e-08 5.863374142e-08 6.000252942e-08 1.028526788e-08 2.308392436e-08 3.838110832e-08 7.032400694e-10 3.60618443e-08 
6.3738487e-08 4.838136698e-08 3.148098163e-08 6.164793882e-08 5.810792152e-08 1.067351109e-08 2.676571193e-08 4.062702631e-08 7.032400694e-10 3.60954073e-08 
6.318846805e-08 4.639367443e-08 3.182770999e-08 6.328675488e-08 6.001947384e-08 9.150354506e-09 2.525644455e-08 3.907154473e-08 6.500817186e-10 3.56840297e-08 
6.873426323e-08 4.669984323e-08 2.949285362e-08 7.16537864e-08 6.001027332e-08 9.149040129e-09 2.525250155e-08 4.157609723e-08 8.740310697e-10 3.702378264e-08 
6.518681214e-08 4.872202603e-08 2.97940976e-08 7.551776347e-08 5.65322793e-08 8.449115043e-09 2.355319393e-08 3.891709659e-08 8.740310697e-10 3.654572238e-08 
6.432624998e-08 4.411015324e-08 2.793873805e-08 8.095144212e-08 6.065101538e-08 6.760517019e-09 2.233858355e-08 3.666801516e-08 8.740310697e-10 3.468367409e-08 
6.525064476e-08 3.955097456e-08 2.654435935e-08 7.838202722e-08 5.60918438e-08 6.368835792e-09 2.418733658e-08 3.408291757e-08 6.546887159e-10 3.397865786e-08 
6.461453645e-08 3.57442921e-08 2.543812627e-08 8.44347982e-08 5.77160029e-08 5.550979406e-09 2.601950401e-08 3.063604963e-08 4.435273101e-10 3.033848829e-08 
7.078076791e-08 3.661466838e-08 3.189515039e-08 8.107360421e-08 5.962322902e-08 5.827053427e-09 2.289851889e-08 3.179093078e-08 4.435273101e-10 3.431513004e-08 
7.414165586e-08 3.595643275e-08 3.090729882e-08 8.688321072e-08 6.146897949e-08 5.79419146e-09 2.400786084e-08 2.928794147e-08 2.239493511e-10 3.474383016e-08 
6.984209477e-08 3.472141152e-08 3.009319549e-08 7.815937611e-08 6.122239274e-08 5.728535281e-09 2.508893207e-08 2.621245925e-08 0 3.575924496e-08 
7.157244245e-08 3.369803458e-08 2.91413499e-08 8.23518371e-08 6.663446582e-08 7.007279899e-09 2.760469491e-08 2.613496695e-08 0 3.689492724e-08 
7.724257805e-08 4.290207808e-08 3.038651083e-08 8.924323579e-08 6.98863895e-08 8.28589654e-09 2.971182563e-08 2.800270822e-08 0 4.223922418e-08 
8.197447901e-08 4.507236895e-08 2.965852529e-08 8.88502752e-08 6.982954862e-08 8.2186726e-09 3.54291296e-08 2.910998807e-08 1.488215392e-09 4.231683118e-08 
8.426875451e-08 4.66621464e-08 2.813590503e-08 9.05055718e-08 7.122544231e-08 9.110503082e-09 3.589879556e-08 2.913619568e-08 1.931673678e-09 4.367668944e-08 
8.249064466e-08 4.690053806e-08 2.140551e-08 9.36696724e-08 7.20789838e-08 8.508256131e-09 3.61956796e-08 2.610640593e-08 2.175718256e-09 4.357543456e-08 
7.975889612e-08 4.900301879e-08 2.107625909e-08 1.011962283e-07 7.302746293e-08 1.03923683e-08 3.85067843e-08 3.021037744e-08 2.175718256e-09 4.672428336e-08 
7.95119338e-08 5.199053581e-08 2.083104749e-08 1.073144347e-07 7.547799998e-08 1.06286532e-08 3.869476143e-08 3.130586482e-08 2.175718256e-09 4.790570785e-08 
8.125499562e-08 5.530345959e-08 2.283014755e-08 1.037760973e-07 7.896312074e-08 9.358255599e-09 3.876680285e-08 3.286242186e-08 2.175718256e-09 5.223248983e-08 
8.097615734e-08 5.005072826e-08 2.337717816e-08 1.029668277e-07 7.936976435e-08 8.59379688e-09 4.056681619e-08 2.980555498e-08 2.410712963e-09 5.1250603e-08 
7.636710616e-08 5.18520891e-08 2.279715401e-08 1.089382177e-07 8.12462326e-08 9.54935518e-09 3.743326284e-08 3.153180891e-08 1.150121141e-09 5.463030815e-08 
7.814862256e-08 5.168924945e-08 2.372281787e-08 1.071162511e-07 8.426509522e-08 8.958589648e-09 3.824883039e-08 3.182949637e-08 1.187332074e-09 5.844152438e-08 
7.830325696e-08 5.382604381e-08 2.4425148e-08 1.104224268e-07 8.903027902e-08 1.064761704e-08 3.943223703e-08 3.324993474e-08 1.185578921e-09 5.959863409e-08 
8.092374263e-08 5.491300824e-08 2.824537505e-08 9.96841771e-08 8.593380991e-08 1.126087379e-08 3.78421378e-08 3.082330086e-08 1.185578921e-09 5.719972001e-08 
8.304406407e-08 5.171269076e-08 2.990831785e-08 1.024540503e-07 8.776587431e-08 1.018726662e-08 3.981384162e-08 2.939737837e-08 1.185578921e-09 5.734065464e-08 
8.198777124e-08 4.890744114e-08 2.71547521e-08 1.050954838e-07 8.403631061e-08 1.096714402e-08 3.847189995e-08 2.848552264e-08 1.185578921e-09 5.161940259e-08 
7.944515293e-08 5.008672689e-08 2.715690809e-08 1.008720472e-07 8.165482005e-08 1.00025424e-08 3.699021889e-08 3.162986749e-08 9.505842145e-10 4.864049608e-08 
8.090202844e-08 5.159682459e-08 2.594396444e-08 9.931659406e-08 8.676526063e-08 8.821217582e-09 3.568084647e-08 2.912758162e-08 7.229606437e-10 4.52825112e-08 
8.036828904e-08 5.541734386e-08 2.468327054e-08 9.866226338e-08 8.364601253e-08 1.059506697e-08 3.487173648e-08 3.012140658e-08 2.42291425e-10 4.140977212e-08 
8.155926423e-08 5.456916544e-08 2.760215472e-08 9.501033661e-08 7.926721172e-08 9.689320885e-09 3.41822654e-08 2.582358073e-08 0 3.673403753e-08 
7.993322372e-08 5.473774373e-08 2.57133484e-08 9.893178442e-08 8.455197482e-08 8.410284834e-09 3.456896762e-08 2.508987481e-08 1.536837324e-10 3.821140001e-08 
7.988699361e-08 5.640522775e-08 2.511428606e-08 9.511067844e-08 8.296176901e-08 9.297828415e-09 3.184664828e-08 2.59294121e-08 1.792976878e-10 3.55819821e-08 
8.231280049e-08 5.978117841e-08 2.759621971e-08 9.380542565e-08 8.430858145e-08 9.745769947e-09 3.369878065e-08 2.631577232e-08 2.151572254e-10 3.535793276e-08 
8.59560636e-08 6.073674186e-08 2.750040906e-08 9.627218489e-08 8.734633639e-08 1.181406162e-08 3.402415816e-08 2.369094521e-08 2.689465317e-10 3.83070029e-08 
