1.540118291e-07 1.540118291e-07 1.540118291e-07 0 0 0 0 0 0 0 
1.232094633e-07 1.232094633e-07 1.232094633e-07 0 0 0 0 0 0 0 
1.026745527e-07 1.026745527e-07 1.026745527e-07 0 0 0 0 0 0 0 
8.800675947e-08 8.800675947e-08 8.800675947e-08 0 0 0 0 0 0 0 
0 0 0 0 0 0 0 0 0 0 
0 0 0 1.394844081e-06 0 1.394844081e-06 0 1.394844081e-06 0 0 
0 0 0 1.394844081e-06 0 1.394844081e-06 0 1.394844081e-06 0 0 
0 0 0 1.394844081e-06 0 1.394844081e-06 0 1.394844081e-06 0 0 
0 0 0 1.394844081e-06 0 1.394844081e-06 0 1.394844081e-06 0 0 
0 0 0 1.394844081e-06 0 1.394844081e-06 0 1.394844081e-06 0 0 
0 0 0 1.394844081e-06 0 1.394844081e-06 0 1.394844081e-06 0 0 
0 0 0 1.394844081e-06 0 1.394844081e-06 0 1.394844081e-06 0 0 
0 0 0 0 0 0 0 0 0 0 
0 0 0 0 0 0 0 0 0 0 
0 0 0 0 0 0 0 0 0 0 
0 0 0 0 0 0 0 0 0 0 
0 0 0 0 0 0 0 0 0 0 
0 0 8.636182948e-07 0 0 0 0 0 0 0 
0 0 8.636182948e-07 0 0 0 0 0 0 0 
0 0 8.636182948e-07 0 0 0 0 0 0 0 
0 0 8.636182948e-07 0 0 0 0 0 0 0 
0 0 1.194660172e-06 0 0 0 0 0 0 0 
0 0 1.194660172e-06 0 0 0 0 0 0 0 
0 1.05024258e-06 1.194660172e-06 0 0 0 0 0 0 0 
0 1.05024258e-06 3.310418768e-07 0 0 0 0 0 0 0 
1.95481828e-06 1.05024258e-06 3.310418768e-07 4.887045699e-07 0 0 0 0 0 0 
1.95481828e-06 1.321650416e-06 3.310418768e-07 4.887045699e-07 0 0 0 0 0 0 
2.533414512e-06 2.093112016e-06 3.310418768e-07 4.887045699e-07 0 0 0 0 0 0 
2.533414512e-06 2.093112016e-06 0 4.887045699e-07 0 0 0 0 0 0 
2.533414512e-06 2.264537362e-06 1.714253455e-07 6.601299154e-07 0 0 1.714253455e-07 0 0 0 
2.95604754e-06 1.63692781e-06 1.714253455e-07 6.601299154e-07 2.11316514e-07 0 1.714253455e-07 0 0 0 
3.604055044e-06 1.63692781e-06 1.714253455e-07 6.601299154e-07 2.11316514e-07 2.160025068e-07 1.714253455e-07 0 0 0 
1.649236765e-06 1.63692781e-06 1.714253455e-07 1.714253455e-07 2.11316514e-07 2.160025068e-07 1.714253455e-07 0 0 0 
1.949298654e-06 1.365519974e-06 1.714253455e-07 1.714253455e-07 2.11316514e-07 2.160025068e-07 1.714253455e-07 0 0 0 
1.370702421e-06 7.781829936e-07 5.396745857e-07 1.714253455e-07 2.11316514e-07 2.160025068e-07 1.714253455e-07 0 0 0 
2.087908375e-06 1.734457555e-06 5.396745857e-07 1.714253455e-07 6.894537949e-07 2.160025068e-07 1.714253455e-07 0 2.390686404e-07 0 
2.334901118e-06 1.810024953e-06 6.152419831e-07 4.939854859e-07 6.894537949e-07 2.160025068e-07 0 0 2.390686404e-07 0 
1.91226809e-06 1.387391925e-06 6.152419831e-07 4.939854859e-07 4.781372809e-07 2.160025068e-07 7.004449409e-07 0 2.390686404e-07 0 
2.465381775e-06 1.387391925e-06 6.152419831e-07 4.939854859e-07 4.781372809e-07 0 7.004449409e-07 0 2.390686404e-07 0 
2.465381775e-06 1.387391925e-06 6.152419831e-07 4.939854859e-07 4.781372809e-07 0 7.004449409e-07 0 2.390686404e-07 0 
2.165319886e-06 1.387391925e-06 6.152419831e-07 4.939854859e-07 4.781372809e-07 0 7.004449409e-07 0 2.390686404e-07 0 
2.165319886e-06 1.203267305e-06 2.46992743e-07 4.939854859e-07 4.781372809e-07 0 7.004449409e-07 0 2.390686404e-07 0 
3.328522423e-06 8.73795573e-07 2.46992743e-07 2.374393976e-06 6.268028301e-07 0 7.004449409e-07 0 0 0 
4.673453857e-06 1.157444201e-06 0 1.88040849e-06 1.688085571e-06 0 7.004449409e-07 0 0 0 
5.318629909e-06 1.157444201e-06 0 1.88040849e-06 1.688085571e-06 0 0 0 0 0 
5.285232354e-06 1.324261867e-06 0 1.88040849e-06 1.688085571e-06 0 0 0 0 0 
5.482848402e-06 1.346219205e-06 2.195733779e-08 1.88040849e-06 1.688085571e-06 0 0 0 0 0 
6.029111059e-06 1.437262979e-06 1.130011112e-07 1.88040849e-06 1.779129345e-06 0 0 0 0 9.104377341e-08 
6.257529955e-06 1.589542243e-06 2.652803752e-07 1.88040849e-06 1.779129345e-06 0 0 0 0 9.104377341e-08 
4.447182684e-06 1.032800632e-06 2.652803752e-07 0 1.152326515e-06 0 7.006121905e-08 0 0 9.104377341e-08 
3.015191364e-06 7.154030592e-07 3.719022743e-07 0 1.44354723e-07 0 7.006121905e-08 0 0 9.104377341e-08 
2.731780634e-06 7.154030592e-07 3.719022743e-07 6.029422041e-08 1.44354723e-07 0 7.006121905e-08 0 0 9.104377341e-08 
1.690860829e-06 5.626747068e-07 4.282595317e-07 6.029422041e-08 1.65488694e-07 0 7.006121905e-08 0 7.044657175e-09 9.104377341e-08 
2.073874124e-06 7.907105513e-07 6.321024923e-07 8.448710836e-08 2.461316565e-07 0 9.022195968e-08 0 1.510895333e-08 1.23300958e-07 
2.049059373e-06 8.843462384e-07 6.795683143e-07 1.034982294e-07 2.392799944e-07 0 1.092330807e-07 0 3.140420038e-08 5.941593072e-08 
2.283955009e-06 8.797484828e-07 7.184063041e-07 1.672039807e-07 3.522129179e-07 1.158286368e-08 1.121287967e-07 0 4.009134865e-08 7.09987944e-08 
2.875415605e-06 9.727163329e-07 9.221926405e-07 1.954205503e-07 4.431329756e-07 1.158286368e-08 4.833792642e-08 0 7.457826712e-08 8.040431762e-08 
3.244894028e-06 9.766669018e-07 9.648918738e-07 2.293571697e-07 4.848445627e-07 1.158286368e-08 5.51252504e-08 0 1.15302212e-07 1.14340937e-07 
3.402817843e-06 1.132573653e-06 1.113374485e-06 1.839112106e-07 6.03630653e-07 1.158286368e-08 5.51252504e-08 0 1.598469968e-07 1.440374595e-07 
3.994017009e-06 1.426199918e-06 1.292552594e-06 2.446945321e-07 6.92666455e-07 1.538182128e-08 5.892420799e-08 7.597915186e-09 1.6799817e-07 1.630322483e-07 
4.078169695e-06 1.400519685e-06 1.221732158e-06 2.694426503e-07 7.710817727e-07 1.538182128e-08 4.284188471e-08 7.597915186e-09 1.599338739e-07 1.552455668e-07 
4.238379753e-06 1.35802655e-06 1.283956197e-06 3.131607918e-07 7.956203782e-07 1.538182128e-08 2.801271443e-08 7.597915186e-09 1.520025284e-07 1.573604769e-07 
4.334259594e-06 1.4429303e-06 1.488728734e-06 2.643009083e-07 7.420709259e-07 3.798957593e-09 4.491148888e-08 7.597915186e-09 1.433153801e-07 1.754693488e-07 
3.887855948e-06 1.414350087e-06 1.553840109e-06 2.450475957e-07 6.959671534e-07 3.798957593e-09 3.864114007e-08 7.597915186e-09 1.088284617e-07 2.019168538e-07 
3.46442846e-06 1.329635463e-06 1.510502768e-06 2.111109763e-07 6.274405645e-07 3.798957593e-09 3.185381609e-08 7.597915186e-09 6.810451682e-08 1.679802344e-07 
3.017150529e-06 1.209934315e-06 1.362020157e-06 1.96262715e-07 5.086544742e-07 7.621016478e-08 3.185381609e-08 7.597915186e-09 2.355973194e-08 1.382837118e-07 
2.544133086e-06 9.02218736e-07 1.180926022e-06 1.354793935e-07 3.984847012e-07 7.241120719e-08 2.80548585e-08 0 6.280513379e-08 1.465095392e-07 
1.996038618e-06 6.779057864e-07 1.042615811e-06 1.365473433e-07 2.560960723e-07 7.241120719e-08 2.397644115e-08 0 7.94747851e-08 1.720479921e-07 
1.570708483e-06 6.638833757e-07 9.467435547e-07 1.437256683e-07 1.823191492e-07 7.241120719e-08 6.639954872e-08 0 8.276214812e-08 1.66076865e-07 
1.361336826e-06 5.978803707e-07 7.507524649e-07 1.399852841e-07 2.006740638e-07 8.351669071e-08 5.771054187e-08 0 1.049731152e-07 1.530433553e-07 
1.598169052e-06 6.894067123e-07 6.885980192e-07 1.791018554e-07 1.99129624e-07 1.075566049e-07 6.251852471e-08 0 1.049731152e-07 1.268062927e-07 
1.698264141e-06 6.956339088e-07 6.896167264e-07 1.989171322e-07 2.003750633e-07 1.234088265e-07 7.044463552e-08 0 1.049731152e-07 1.268062927e-07 
1.875786251e-06 7.782990273e-07 8.420150855e-07 2.202529034e-07 2.674303415e-07 6.318948818e-08 1.070202411e-07 0 1.110690496e-07 1.481420639e-07 
2.009787888e-06 9.1094455e-07 1.014966173e-06 2.354123915e-07 3.280682941e-07 7.455910378e-08 1.108101131e-07 0 6.420756143e-08 1.36080936e-07 
2.438351365e-06 1.130040865e-06 1.284615556e-06 2.103007434e-07 3.736419144e-07 8.202829654e-08 1.157895748e-07 0 1.02311989e-07 1.209282102e-07 
2.774694784e-06 1.294535943e-06 1.428293729e-06 1.845126018e-07 4.151618295e-07 1.026173726e-07 8.389099904e-08 1.470648238e-09 1.024259103e-07 1.29979942e-07 
3.062436105e-06 1.35565514e-06 1.480384632e-06 2.268410607e-07 4.363976781e-07 1.091208008e-07 8.675120457e-08 1.470648238e-09 1.099679337e-07 1.400386874e-07 
3.2629843e-06 1.38412208e-06 1.44680979e-06 2.36945823e-07 5.058007519e-07 9.893436064e-08 9.995273739e-08 1.470648238e-09 1.344424036e-07 1.461233247e-07 
3.634418769e-06 1.455648885e-06 1.483320148e-06 2.737803564e-07 5.548513319e-07 9.661514915e-08 1.140571076e-07 2.100090578e-09 1.615084239e-07 1.624888252e-07 
4.057521989e-06 1.560844997e-06 1.478070154e-06 3.165433031e-07 5.669440343e-07 9.334136308e-08 9.754718836e-08 2.657470751e-09 1.816093576e-07 1.567596988e-07 
4.254749976e-06 1.613032314e-06 1.391353489e-06 3.68705437e-07 5.782123326e-07 9.307137004e-08 1.046156426e-07 2.898766893e-09 1.974353399e-07 1.613864953e-07 
4.32459748e-06 1.596440175e-06 1.239264585e-06 4.002817166e-07 5.989936653e-07 9.276673702e-08 1.209191386e-07 3.109489238e-09 1.675264971e-07 1.427558861e-07 
4.312587342e-06 1.493407711e-06 1.117890755e-06 4.223632491e-07 6.049906623e-07 7.890996352e-08 1.299627235e-07 2.012857817e-09 1.746491612e-07 1.274193906e-07 
4.198670435e-06 1.452336115e-06 9.667821571e-07 4.316997076e-07 5.753254137e-07 6.783963562e-08 1.384150354e-07 2.946941167e-09 1.660064543e-07 1.11537786e-07 
3.944548195e-06 1.335922028e-06 8.70314547e-07 4.281581799e-07 5.208027452e-07 5.732824501e-08 1.409593326e-07 3.448253683e-09 1.58409506e-07 1.043594955e-07 
3.74765984e-06 1.257262357e-06 8.001072485e-07 4.297768856e-07 5.02279294e-07 5.021730282e-08 1.330260732e-07 3.132082942e-09 1.490433306e-07 9.739214286e-08 
3.465613385e-06 1.152761318e-06 7.19862734e-07 4.238050297e-07 4.74468428e-07 4.295525599e-08 1.29851954e-07 2.905909957e-09 1.385788043e-07 9.420576776e-08 
3.296568333e-06 1.086258984e-06 6.522371499e-07 4.047707429e-07 4.58632087e-07 3.486253711e-08 1.36327543e-07 3.018367191e-09 1.277313229e-07 8.43245778e-08 
3.04257102e-06 1.00641714e-06 5.790179175e-07 3.985791019e-07 4.345366449e-07 3.00999813e-08 1.28015406e-07 2.807644847e-09 1.183990455e-07 7.754683854e-08 
2.872527862e-06 9.570236362e-07 5.255798661e-07 3.842884187e-07 4.208282698e-07 2.637697134e-08 1.200641242e-07 2.885021904e-09 1.150090522e-07 6.865416274e-08 
2.876171558e-06 9.493697673e-07 5.136361624e-07 4.063251018e-07 4.361886933e-07 2.190349514e-08 1.218767187e-07 2.226286235e-09 1.123470627e-07 7.323826574e-08 
2.958252058e-06 9.497449176e-07 5.000532935e-07 4.074995965e-07 4.463254949e-07 2.12990575e-08 1.177487811e-07 1.724973719e-09 1.112870507e-07 7.673117608e-08 
3.129379625e-06 9.806610868e-07 5.249561273e-07 4.148115563e-07 4.731168052e-07 1.779889201e-08 1.276760914e-07 1.41170212e-09 1.107939645e-07 8.080624525e-08 
3.386031689e-06 1.035403443e-06 5.564095237e-07 4.237389654e-07 5.143706038e-07 1.94379064e-08 1.407694827e-07 2.233762508e-09 1.133491513e-07 8.584974154e-08 
3.609200966e-06 1.093817023e-06 5.740465748e-07 4.589540359e-07 5.470718918e-07 2.042251333e-08 1.611154293e-07 2.678311255e-09 1.201098182e-07 8.935612276e-08 
3.905214531e-06 1.16375244e-06 6.232123034e-07 4.834851178e-07 5.804262173e-07 2.182456159e-08 1.749138657e-07 2.960092901e-09 1.235971203e-07 9.329286956e-08 
4.141557513e-06 1.217648641e-06 6.581533195e-07 5.136224104e-07 5.99035697e-07 2.291082232e-08 1.881935095e-07 3.191291295e-09 1.262562169e-07 1.001848093e-07 
4.235641719e-06 1.218183862e-06 6.670489816e-07 5.095889069e-07 6.022479429e-07 2.562751103e-08 2.004079544e-07 3.56213224e-09 1.271935832e-07 9.80768259e-08 
4.381049015e-06 1.259744105e-06 7.045862086e-07 5.293999076e-07 6.22952039e-07 2.670484278e-08 2.146457589e-07 4.155820947e-09 1.299387525e-07 1.004052036e-07 
4.484805231e-06 1.284206587e-06 7.08011703e-07 5.434672232e-07 6.284586902e-07 2.795514789e-08 2.23940566e-07 4.986985136e-09 1.318370408e-07 1.016237405e-07 
4.472632781e-06 1.300218969e-06 7.128894453e-07 5.619890544e-07 6.235392647e-07 2.917759678e-08 2.274520305e-07 4.215513161e-09 1.327931258e-07 9.646808508e-08 
