1.622183987e-06 1.793596681e-06 1.191593157e-06 1.482833142e-06 0 8.611815474e-07 0 3.304116092e-07 1.435302579e-07 4.061435845e-07 
1.29774719e-06 1.789612429e-06 9.532745253e-07 1.895736682e-06 0 6.889452379e-07 0 2.643292873e-07 1.148242063e-07 6.79649952e-07 
1.081455991e-06 1.646079028e-06 9.491307746e-07 1.579780568e-06 0 5.741210316e-07 1.547353368e-07 2.202744061e-07 9.56868386e-08 5.6637496e-07 
9.269622784e-07 1.410924881e-06 8.135406639e-07 1.35409763e-06 0 4.921037414e-07 1.326302887e-07 1.888066338e-07 8.201729023e-08 4.854642514e-07 
1.182288185e-06 9.607305904e-07 8.135406639e-07 1.35409763e-06 0 4.921037414e-07 1.326302887e-07 1.888066338e-07 8.201729023e-08 3.353994933e-07 
1.396078492e-06 1.00988925e-06 9.204358175e-07 9.093613471e-07 2.137903071e-07 5.989988949e-07 1.326302887e-07 1.888066338e-07 8.201729023e-08 4.422946469e-07 
1.207271859e-06 1.237435811e-06 7.316291836e-07 7.205547133e-07 2.137903071e-07 5.989988949e-07 1.326302887e-07 2.275465606e-07 3.095638509e-07 4.422946469e-07 
4.691162141e-07 8.273493596e-07 2.395254423e-07 7.205547133e-07 2.137903071e-07 1.068951536e-07 1.326302887e-07 2.275465606e-07 2.275465606e-07 3.602773566e-07 
4.691162141e-07 5.739671565e-07 1.031197054e-06 2.137903071e-07 2.137903071e-07 1.068951536e-07 1.326302887e-07 2.275465606e-07 2.275465606e-07 1.068951536e-07 
4.691162141e-07 4.413368677e-07 8.985667656e-07 2.137903071e-07 2.137903071e-07 1.068951536e-07 0 2.275465606e-07 2.275465606e-07 1.068951536e-07 
5.556039387e-07 4.413368677e-07 9.850544903e-07 3.002780318e-07 2.137903071e-07 1.068951536e-07 0 4.0052201e-07 2.275465606e-07 1.068951536e-07 
3.002780318e-07 6.811441316e-07 9.850544903e-07 3.002780318e-07 2.137903071e-07 1.068951536e-07 0 4.0052201e-07 2.275465606e-07 1.068951536e-07 
1.578320052e-07 6.813866743e-07 8.781593367e-07 2.291762858e-07 0 7.134428058e-08 0 7.572434047e-07 2.988908412e-07 7.134428058e-08 
5.296333744e-07 7.326911243e-07 1.157010347e-06 2.291762858e-07 0 7.134428058e-08 2.788510106e-07 8.085478547e-07 2.572449651e-07 1.642946229e-07 
5.296333744e-07 7.326911243e-07 1.429019457e-06 2.291762858e-07 0 7.134428058e-08 3.468532879e-07 1.080556964e-06 3.252472425e-07 1.642946229e-07 
5.892757997e-07 7.326911243e-07 6.969902699e-07 4.081035659e-07 5.964242535e-08 1.309867059e-07 5.25780568e-07 1.140199389e-06 3.252472425e-07 2.239370482e-07 
6.966848421e-07 1.001213734e-06 1.072921914e-06 4.618080871e-07 5.964242535e-08 2.383957483e-07 5.25780568e-07 1.247608432e-06 4.326562849e-07 4.387551331e-07 
1.065107398e-06 1.228668875e-06 1.062252567e-06 6.027755027e-07 5.964242535e-08 2.383957483e-07 6.015989454e-07 1.377906492e-06 5.084746622e-07 4.387551331e-07 
1.282737023e-06 1.097676423e-06 1.334289595e-06 7.115903153e-07 5.964242535e-08 2.383957483e-07 7.648211684e-07 1.377906492e-06 6.172894749e-07 4.931625394e-07 
1.255377344e-06 1.103566571e-06 1.422258797e-06 7.448401586e-07 5.964242535e-08 1.670514678e-07 8.967749717e-07 1.021185097e-06 7.218835987e-07 4.658028599e-07 
9.479196348e-07 1.082090202e-06 1.336438763e-06 9.378711354e-07 5.964242535e-08 1.670514678e-07 9.396422505e-07 8.066777468e-07 1.308106822e-06 3.728525176e-07 
1.005931084e-06 1.372147454e-06 1.296475452e-06 1.285939825e-06 5.964242535e-08 1.670514678e-07 9.296514228e-07 5.346686375e-07 1.240104544e-06 3.728525176e-07 
1.052842525e-06 1.478701319e-06 1.343386893e-06 1.160289478e-06 0 2.139629081e-07 8.040010755e-07 4.750262121e-07 1.240104544e-06 3.132100923e-07 
9.454334824e-07 1.357410765e-06 1.016532597e-06 1.106584956e-06 4.907734917e-08 1.065538657e-07 9.021557738e-07 3.676171697e-07 1.2308502e-06 9.839200743e-08 
7.188937486e-07 1.187048261e-06 9.407142199e-07 8.791298163e-07 4.907734917e-08 2.20739139e-07 8.263373965e-07 6.43436603e-08 1.155031823e-06 9.839200743e-08 
6.238876397e-07 1.895723601e-06 9.95673247e-07 9.746875419e-07 8.9951856e-08 2.20739139e-07 6.631151734e-07 6.43436603e-08 1.04621701e-06 1.666081175e-07 
7.421205786e-07 1.729873117e-06 1.015849071e-06 9.609666774e-07 3.062419093e-07 2.20739139e-07 5.311613701e-07 6.43436603e-08 1.032496146e-06 2.848410564e-07 
7.166161668e-07 1.526873425e-06 9.004965916e-07 7.912392489e-07 3.062419093e-07 2.440426873e-07 2.405144792e-07 3.107139841e-08 2.681400879e-07 3.469838532e-07 
7.460631244e-07 1.32427458e-06 6.684507931e-07 4.431705593e-07 5.68617131e-07 2.440426873e-07 1.825030296e-07 3.107139841e-08 2.681400879e-07 3.907130568e-07 
1.021224055e-06 1.456292462e-06 8.004686752e-07 5.330366751e-07 7.117601797e-07 1.374888216e-07 1.292260967e-07 3.107139841e-08 3.158544375e-07 4.384274064e-07 
1.076694068e-06 1.309060406e-06 8.345963433e-07 5.330366751e-07 6.626828305e-07 1.65223828e-07 3.107139841e-08 3.107139841e-08 2.176997391e-07 4.384274064e-07 
9.476252225e-07 1.390990142e-06 9.73618715e-07 5.926176933e-07 6.626828305e-07 5.103855472e-08 5.093173781e-08 3.107139841e-08 2.176997391e-07 4.781480852e-07 
9.898804275e-07 7.108989288e-07 7.290620212e-07 4.706845159e-07 6.492881113e-07 5.103855472e-08 5.093173781e-08 1.135107591e-07 2.176997391e-07 4.104841439e-07 
8.941679255e-07 7.399577149e-07 6.874220324e-07 4.414770517e-07 4.32998058e-07 1.175435926e-07 1.008105142e-07 1.135107591e-07 5.548219915e-08 2.648928635e-07 
9.430933728e-07 7.587200181e-07 6.682533353e-07 4.913107554e-07 4.47625508e-07 1.381223923e-07 1.136214637e-07 9.706681072e-08 4.771434955e-08 2.027500666e-07 
8.789246034e-07 7.294857076e-07 7.730567079e-07 5.378900312e-07 1.852502862e-07 1.381223923e-07 1.485559186e-07 9.706681072e-08 4.771434955e-08 2.172449598e-07 
5.594930193e-07 6.653069542e-07 6.216814573e-07 4.819434797e-07 5.456388002e-08 1.630356771e-07 2.108391308e-07 1.219800956e-07 6.228321224e-08 2.1935718e-07 
7.085201129e-07 8.186797881e-07 5.896007167e-07 5.07505618e-07 8.012601833e-08 1.60862809e-07 3.258687562e-07 1.475422339e-07 1.006264207e-07 2.1935718e-07 
9.276429336e-07 8.640084518e-07 4.840967165e-07 4.814429713e-07 9.688520411e-08 1.943811806e-07 3.395267884e-07 2.313381628e-07 1.173856065e-07 2.466732444e-07 
8.969952522e-07 8.049109478e-07 5.135165558e-07 4.101895306e-07 6.940541653e-08 2.167530206e-07 3.730845484e-07 1.824565621e-07 1.733152065e-07 2.700151051e-07 
8.791829852e-07 8.516270376e-07 4.794733651e-07 4.07026844e-07 1.667909584e-07 1.664789063e-07 3.718985429e-07 1.986874858e-07 2.220079775e-07 2.533888457e-07 
9.507247155e-07 9.178829064e-07 7.395764174e-07 5.330226287e-07 1.91990115e-07 1.225965584e-07 3.28016195e-07 2.437999435e-07 2.817478852e-07 2.533888457e-07 
1.121924121e-06 9.620214639e-07 6.961906373e-07 5.888060071e-07 2.022263804e-07 1.328328239e-07 3.544993327e-07 2.847450052e-07 3.431654777e-07 2.156372797e-07 
1.092907931e-06 8.98518538e-07 6.755281845e-07 5.237875241e-07 1.89769738e-07 1.07919539e-07 3.365721487e-07 2.598317203e-07 3.030602796e-07 2.101667381e-07 
1.028652e-06 7.76310411e-07 7.568539136e-07 5.917195084e-07 1.797899531e-07 9.793975408e-08 2.83871937e-07 2.732254651e-07 2.802994246e-07 2.569137994e-07 
9.726329893e-07 8.157758385e-07 1.047483514e-06 5.813545637e-07 1.939020038e-07 6.442138251e-08 3.352494632e-07 2.12582963e-07 4.024607959e-07 2.284661004e-07 
9.685507061e-07 8.676231593e-07 1.057096483e-06 6.916408129e-07 2.372849214e-07 4.204954251e-08 3.450746208e-07 2.484378712e-07 3.725609464e-07 1.675178315e-07 
1.149118195e-06 8.211431403e-07 1.222632136e-06 6.972654043e-07 1.398993794e-07 2.581861886e-08 3.7974922e-07 2.634697113e-07 3.342890967e-07 1.779387527e-07 
1.410438094e-06 8.253785109e-07 1.027129429e-06 5.904649762e-07 1.513686639e-07 4.633697565e-08 4.720818286e-07 2.65284876e-07 3.155859026e-07 2.08716289e-07 
1.342372185e-06 8.099317585e-07 1.084233523e-06 5.513138888e-07 1.569352902e-07 6.770649362e-08 4.501714638e-07 2.63847042e-07 3.489856581e-07 2.672582135e-07 
1.731140035e-06 1.039916017e-06 1.074511865e-06 6.671088195e-07 1.975155673e-07 1.001707141e-07 4.545117674e-07 3.28775483e-07 3.836200305e-07 2.797145718e-07 
1.907966415e-06 1.114440498e-06 9.745816101e-07 7.036936986e-07 1.819332139e-07 8.45883607e-08 4.490919179e-07 3.385992276e-07 5.306364252e-07 2.573573243e-07 
1.899999014e-06 1.096925205e-06 7.535842233e-07 7.286772115e-07 1.579386831e-07 8.45883607e-08 4.123329599e-07 4.117196803e-07 4.192226908e-07 2.393983972e-07 
2.173250493e-06 1.138595069e-06 6.918750525e-07 6.74438415e-07 1.444372647e-07 9.952911029e-08 3.988315415e-07 3.721885114e-07 4.230744395e-07 2.519267294e-07 
2.223468568e-06 1.168765769e-06 6.467172601e-07 5.564338303e-07 1.662715101e-07 1.082628082e-07 3.460321137e-07 3.933279333e-07 4.301209141e-07 2.764405999e-07 
2.058665335e-06 1.161043299e-06 6.435241866e-07 5.520404106e-07 1.50950743e-07 9.573892308e-08 2.896746289e-07 3.437645688e-07 4.530399735e-07 2.656492423e-07 
2.153958625e-06 1.144513565e-06 6.341010581e-07 5.838501705e-07 2.055340198e-07 8.172968182e-08 4.050169622e-07 3.570469634e-07 3.898963996e-07 2.11269945e-07 
1.949078653e-06 8.934964382e-07 6.70889928e-07 5.020379794e-07 2.173704437e-07 5.67535616e-08 4.049932828e-07 3.145828223e-07 3.443161631e-07 2.106183124e-07 
1.996511498e-06 1.002055569e-06 7.663626848e-07 4.470850103e-07 2.618895759e-07 6.788334466e-08 4.315570936e-07 3.464941248e-07 2.095418726e-07 2.530071969e-07 
1.92150167e-06 9.536512867e-07 8.282861188e-07 4.635422519e-07 2.87309961e-07 7.506047593e-08 4.408372039e-07 2.645745078e-07 2.10743575e-07 2.646741706e-07 
1.841003853e-06 8.754743703e-07 8.492487252e-07 4.576603386e-07 2.929477258e-07 1.020970402e-07 4.658491142e-07 2.605252019e-07 2.002362213e-07 2.444797441e-07 
1.873792079e-06 8.409435038e-07 8.243254358e-07 4.853399145e-07 3.012114616e-07 1.272235701e-07 4.653791531e-07 2.344587508e-07 2.128668066e-07 2.659786682e-07 
1.914515191e-06 8.990738901e-07 7.959349741e-07 4.523166898e-07 2.981859179e-07 1.485176132e-07 4.58692544e-07 2.480944923e-07 1.525720979e-07 2.826031351e-07 
1.955060465e-06 9.161082874e-07 7.46282402e-07 4.132445253e-07 2.487806857e-07 1.623924746e-07 3.947603692e-07 2.862222561e-07 1.488729049e-07 2.929362048e-07 
1.896078012e-06 9.053373122e-07 8.203439441e-07 4.140258544e-07 2.533060674e-07 1.833754157e-07 3.903759997e-07 2.795752008e-07 1.882559378e-07 2.494292468e-07 
1.671416466e-06 8.17979802e-07 8.140630225e-07 3.881023807e-07 2.787063624e-07 2.110897575e-07 3.37977923e-07 2.170115293e-07 1.811483464e-07 1.981881975e-07 
1.63248764e-06 8.286822484e-07 7.824634817e-07 3.960995839e-07 2.745091621e-07 2.60112407e-07 3.484689403e-07 2.237321835e-07 1.852230268e-07 1.846243671e-07 
1.472457614e-06 8.464795493e-07 7.817453625e-07 4.004685609e-07 2.932806942e-07 2.524240179e-07 3.050051721e-07 2.37903733e-07 1.744211125e-07 1.777947047e-07 
1.415920094e-06 8.681316461e-07 7.735319027e-07 3.988499364e-07 3.121521043e-07 2.240048335e-07 3.102739724e-07 2.306116502e-07 1.715283489e-07 1.322430757e-07 
1.376225896e-06 7.99900306e-07 7.920847257e-07 3.675224219e-07 3.447259981e-07 2.287885239e-07 4.539674196e-07 2.311935887e-07 2.360116948e-07 1.192208798e-07 
1.30590232e-06 7.938094525e-07 7.97702508e-07 3.929029719e-07 4.018215845e-07 2.331021923e-07 4.24860613e-07 1.500357679e-07 2.17796679e-07 1.005185941e-07 
1.396271922e-06 7.911977004e-07 7.001413118e-07 3.965031823e-07 4.24540413e-07 2.39681952e-07 4.379281882e-07 1.692693244e-07 2.181644803e-07 1.229155995e-07 
1.426368791e-06 7.817170302e-07 6.865706439e-07 3.812877683e-07 3.762491697e-07 2.255557513e-07 4.253913336e-07 2.005779142e-07 2.283450188e-07 1.25916394e-07 
1.502429833e-06 6.737546374e-07 6.714825734e-07 3.462335363e-07 3.943488533e-07 2.242179658e-07 4.0368284e-07 2.4302741e-07 2.013367601e-07 1.389453401e-07 
1.566170811e-06 6.659103186e-07 7.177311098e-07 2.934624358e-07 3.950927347e-07 2.158277128e-07 4.408132079e-07 2.645330131e-07 2.219005348e-07 1.457999314e-07 
1.529558826e-06 6.665926508e-07 7.267594201e-07 2.828016455e-07 3.68035048e-07 2.45993188e-07 4.574867266e-07 3.112244755e-07 2.22084949e-07 1.51351623e-07 
1.609010025e-06 6.927707586e-07 7.298589456e-07 2.883163564e-07 3.574842111e-07 2.539588836e-07 3.459447697e-07 3.173519322e-07 1.798100153e-07 1.439315958e-07 
1.745190567e-06 7.262825769e-07 7.468248425e-07 2.753446964e-07 3.313598122e-07 2.837975452e-07 3.360863141e-07 3.239983002e-07 1.809877388e-07 1.495402314e-07 
1.747758282e-06 7.830500205e-07 8.279015609e-07 2.9423508e-07 3.055081359e-07 2.76932533e-07 3.146032778e-07 3.65817837e-07 1.633152336e-07 1.273011532e-07 
1.821706941e-06 7.36039498e-07 8.027316198e-07 3.13047647e-07 3.316511205e-07 2.94957234e-07 3.337789118e-07 3.591246137e-07 1.424749167e-07 1.213340691e-07 
1.881030617e-06 7.964043951e-07 7.93246865e-07 3.408514847e-07 3.411123909e-07 2.884959725e-07 3.480802572e-07 3.19800568e-07 1.512201909e-07 1.307124862e-07 
2.078651408e-06 8.317829676e-07 7.620778157e-07 3.79102823e-07 3.884790617e-07 3.412269101e-07 3.232919913e-07 2.948631328e-07 1.5317031e-07 1.557437993e-07 
2.188040948e-06 8.675160237e-07 7.207907434e-07 4.07682543e-07 3.925642805e-07 3.576142384e-07 3.279722551e-07 2.645783681e-07 1.517776015e-07 1.464000913e-07 
2.158217382e-06 8.246188291e-07 6.829330589e-07 4.305250871e-07 3.869400627e-07 3.805084654e-07 2.925051023e-07 2.71200801e-07 1.388945512e-07 1.536072359e-07 
2.067772633e-06 8.066928753e-07 6.90896424e-07 3.921647119e-07 3.811382133e-07 3.379598691e-07 2.890107668e-07 3.170977355e-07 1.464173717e-07 1.571153092e-07 
2.096665038e-06 7.354186502e-07 6.131612947e-07 3.746997257e-07 3.47984876e-07 3.350201772e-07 2.783840419e-07 2.769489933e-07 1.291725908e-07 1.46598686e-07 
2.235491836e-06 7.507303914e-07 6.238748256e-07 3.677456237e-07 3.879183522e-07 3.341365868e-07 2.48643114e-07 2.541392417e-07 1.290819398e-07 1.539602e-07 
2.335807153e-06 7.4318554e-07 6.403730026e-07 3.541569445e-07 4.616382776e-07 3.354976903e-07 2.219802435e-07 3.01595916e-07 1.483997676e-07 1.586004663e-07 
2.204828612e-06 7.14874789e-07 6.59637286e-07 3.730425249e-07 4.256344316e-07 3.048218308e-07 2.350960016e-07 2.945340063e-07 1.302242682e-07 1.478340264e-07 
2.123254522e-06 7.039310909e-07 6.770061662e-07 3.950904102e-07 4.440498316e-07 2.972403073e-07 2.067993233e-07 3.052724712e-07 1.113333162e-07 1.567323916e-07 
2.060941256e-06 7.467281275e-07 6.958908167e-07 3.835186736e-07 4.543010793e-07 3.034432682e-07 2.038973105e-07 3.086097321e-07 1.175725889e-07 1.448922445e-07 
2.096864461e-06 7.279831493e-07 6.750487062e-07 4.151555077e-07 4.622689147e-07 3.465124852e-07 2.170740332e-07 2.778757602e-07 1.171518481e-07 1.450653672e-07 
2.170894277e-06 7.82532311e-07 6.807772235e-07 4.323595257e-07 5.222785303e-07 3.914752621e-07 2.217040535e-07 2.859683385e-07 1.115427913e-07 1.816092196e-07 
2.185923222e-06 7.880225163e-07 6.567605786e-07 4.612485246e-07 5.055084305e-07 4.180173992e-07 3.150659751e-07 2.939026079e-07 1.205766793e-07 1.781432947e-07 
2.192013361e-06 7.723350076e-07 6.467067643e-07 4.907876863e-07 4.398426004e-07 4.429558373e-07 3.119868625e-07 2.453147699e-07 1.196946339e-07 1.521360074e-07 
2.148076825e-06 7.572851603e-07 6.509636218e-07 4.618511866e-07 4.170154244e-07 4.446238506e-07 3.259314099e-07 2.593750951e-07 1.140457298e-07 1.451031488e-07 
2.409486862e-06 7.101711422e-07 6.172658199e-07 4.560560488e-07 5.069319603e-07 5.108352923e-07 3.356990622e-07 2.447930711e-07 1.280109519e-07 1.475520079e-07 
2.376451253e-06 6.57141259e-07 6.036068904e-07 4.791433525e-07 4.949282462e-07 4.799737009e-07 3.431384487e-07 2.14700623e-07 1.24650571e-07 1.555431329e-07 
2.385063876e-06 6.566979209e-07 6.277286794e-07 4.784948422e-07 4.898381007e-07 4.48507661e-07 3.568395844e-07 2.04656198e-07 1.149818303e-07 1.455328109e-07 
2.2561259e-06 6.493175582e-07 6.520092646e-07 4.561650542e-07 4.591934807e-07 4.13540777e-07 3.497002358e-07 1.973576939e-07 1.170304123e-07 1.294306275e-07 
2.21120927e-06 6.688260084e-07 6.868433827e-07 4.65238961e-07 5.000036286e-07 4.103240079e-07 2.86648066e-07 2.046694324e-07 1.187235483e-07 1.377958319e-07 
2.139786099e-06 6.547916038e-07 6.656993199e-07 4.540756119e-07 5.378174665e-07 4.005184126e-07 2.998500435e-07 2.014873094e-07 1.108880667e-07 1.441894396e-07 
2.273733604e-06 6.512550012e-07 6.403182137e-07 4.877376512e-07 5.932289022e-07 3.842742201e-07 2.996598251e-07 1.993512068e-07 1.139849013e-07 1.433587329e-07 
2.202988786e-06 6.603653527e-07 6.704987072e-07 4.515688943e-07 5.439884936e-07 3.18220596e-07 3.07051386e-07 1.971201899e-07 1.10133989e-07 1.431546772e-07 
2.379024782e-06 6.262558259e-07 6.495158321e-07 4.321332767e-07 5.74084867e-07 3.918958466e-07 3.076180905e-07 2.250571356e-07 1.072173928e-07 1.339871097e-07 
2.439093009e-06 6.169841608e-07 6.38906479e-07 4.202286448e-07 6.154699495e-07 3.985492104e-07 2.503650539e-07 2.267817324e-07 1.156377587e-07 1.36524268e-07 
2.540062756e-06 6.002614603e-07 6.052004429e-07 4.209273844e-07 6.160150901e-07 4.034113163e-07 2.520394742e-07 2.206518782e-07 1.083635043e-07 1.381986883e-07 
2.442800386e-06 5.962029377e-07 6.254605824e-07 3.854138819e-07 5.767129169e-07 3.784727604e-07 3.043097223e-07 2.096205033e-07 9.773150517e-08 1.334894587e-07 
2.540345642e-06 6.045461467e-07 6.322477109e-07 3.86572164e-07 5.553813521e-07 3.922901612e-07 3.28664951e-07 2.238914943e-07 8.300691791e-08 1.370249204e-07 
2.467142102e-06 6.254980056e-07 6.489938065e-07 3.499454765e-07 5.312423964e-07 4.276457852e-07 3.941058436e-07 2.328616091e-07 1.062512557e-07 1.392404627e-07 
2.378195144e-06 6.480534661e-07 7.566117972e-07 3.720568113e-07 5.305495725e-07 4.439511778e-07 3.969464635e-07 2.615942967e-07 1.180852049e-07 1.472943855e-07 
2.225117117e-06 7.01221219e-07 8.149590371e-07 3.6617895e-07 5.100789378e-07 3.785541683e-07 4.1962324e-07 2.717389874e-07 1.34614323e-07 1.57743295e-07 
2.275512803e-06 7.343191523e-07 8.338492096e-07 3.780296985e-07 4.602873024e-07 4.004113561e-07 4.218513356e-07 3.071652921e-07 1.584447408e-07 1.554579013e-07 
2.321074947e-06 7.278438586e-07 8.29137487e-07 3.553289665e-07 4.631424945e-07 4.555363984e-07 4.253120908e-07 3.01328758e-07 1.7411773e-07 1.473053461e-07 
2.392938541e-06 8.436732709e-07 8.30307958e-07 4.035822729e-07 4.410730128e-07 4.95047861e-07 3.935274841e-07 2.939722634e-07 1.766495278e-07 1.439734346e-07 
2.274192931e-06 8.685755282e-07 8.685814196e-07 3.880008827e-07 4.054398143e-07 4.66470295e-07 4.533328836e-07 3.099487072e-07 2.330996145e-07 1.365527699e-07 
2.193949561e-06 8.2577029e-07 9.628924715e-07 4.200384548e-07 3.625164067e-07 4.2327262e-07 3.947050808e-07 2.786960087e-07 2.505677596e-07 1.948304781e-07 
2.238958148e-06 7.523255517e-07 8.497336848e-07 3.829944555e-07 3.100391045e-07 4.368731794e-07 3.622405243e-07 2.418664309e-07 2.21513529e-07 1.73863037e-07 
2.559674174e-06 7.589621995e-07 8.752412433e-07 3.637175731e-07 3.584945095e-07 5.619338128e-07 3.27357728e-07 2.595159795e-07 2.109065999e-07 1.681518782e-07 
2.663492994e-06 7.500378639e-07 8.848427464e-07 3.268690461e-07 3.660402785e-07 5.469121273e-07 3.478038672e-07 2.249241971e-07 1.962213625e-07 1.690279165e-07 
2.861634536e-06 7.20698787e-07 8.927585701e-07 3.184421798e-07 3.805383508e-07 5.598507613e-07 3.362828654e-07 2.396233896e-07 1.790906988e-07 1.578003419e-07 
2.713036663e-06 5.323575546e-07 8.26976824e-07 2.39776544e-07 3.643049829e-07 5.012275324e-07 2.953970062e-07 2.472178551e-07 1.697488364e-07 1.491378226e-07 
2.744746618e-06 4.940813564e-07 7.716655789e-07 2.142415261e-07 3.630283568e-07 4.917569275e-07 1.817045937e-07 2.102007305e-07 1.120849884e-07 1.43908423e-07 
2.797726259e-06 4.721702242e-07 6.156929706e-07 1.546238216e-07 3.676372009e-07 4.933230083e-07 1.419246313e-07 2.087240481e-07 6.454894092e-08 8.02634982e-08 
2.701979659e-06 4.902149523e-07 5.803395514e-07 1.403102802e-07 3.715503039e-07 4.423932824e-07 1.495118361e-07 1.997302265e-07 7.785775757e-08 8.620508396e-08 
2.729478167e-06 4.570640572e-07 5.151264101e-07 1.44995327e-07 3.384255568e-07 3.441599777e-07 1.494856921e-07 1.581776224e-07 6.369803859e-08 9.466431347e-08 
2.655496782e-06 4.230312933e-07 4.707918687e-07 1.332478265e-07 3.437147679e-07 3.566452408e-07 1.210649369e-07 1.54654183e-07 4.598592466e-08 9.64951933e-08 
2.44326759e-06 4.07765778e-07 4.60875713e-07 1.295684109e-07 3.233294592e-07 2.84644634e-07 1.315810303e-07 1.206057943e-07 5.047941062e-08 1.017976098e-07 
2.664424528e-06 4.361572629e-07 4.492404214e-07 1.28935701e-07 3.150647509e-07 3.001667466e-07 1.212452102e-07 1.123921669e-07 5.477487721e-08 1.022941041e-07 
2.62663694e-06 4.102887934e-07 4.01950749e-07 1.214096486e-07 3.127521211e-07 2.92929613e-07 1.208337613e-07 1.143707402e-07 4.990583642e-08 9.494604468e-08 
2.637241291e-06 4.215607622e-07 4.249588618e-07 1.252491627e-07 3.186545631e-07 3.037447941e-07 1.094782672e-07 1.120430509e-07 4.63708452e-08 9.010943407e-08 
2.531577901e-06 4.284522512e-07 3.940082759e-07 1.276895846e-07 3.261815047e-07 3.186483022e-07 1.080201259e-07 1.202100504e-07 3.46981934e-08 9.030128163e-08 
2.152916734e-06 3.951432096e-07 3.625400272e-07 1.214932805e-07 3.117172257e-07 2.766531842e-07 1.038642975e-07 1.178638221e-07 3.132235969e-08 7.742818805e-08 
1.979095893e-06 3.94780037e-07 3.388806553e-07 1.386163677e-07 3.0210705e-07 2.344983626e-07 1.045450532e-07 1.151161959e-07 2.583868801e-08 7.605148105e-08 
1.816841681e-06 4.147639865e-07 3.13836862e-07 1.338781784e-07 3.06559936e-07 2.303231201e-07 8.634249633e-08 1.182470888e-07 2.023790113e-08 7.704847807e-08 
1.615606785e-06 4.229175821e-07 3.160480101e-07 1.324283251e-07 3.114536286e-07 2.086354617e-07 1.020800206e-07 1.103910913e-07 1.684896375e-08 8.089726984e-08 
1.647406423e-06 4.458331253e-07 3.449404967e-07 1.258087181e-07 3.00342409e-07 2.028870877e-07 1.040866786e-07 1.273438046e-07 1.909124224e-08 8.066164879e-08 
1.553963687e-06 4.559455371e-07 3.21744216e-07 1.262990718e-07 2.977379694e-07 1.815645752e-07 1.068940634e-07 1.236125244e-07 2.489923632e-08 8.747146601e-08 
1.589193468e-06 4.750138203e-07 3.294327005e-07 1.347857445e-07 3.031251298e-07 1.767723278e-07 9.525130805e-08 1.205695805e-07 2.790550292e-08 8.41425672e-08 
1.648966255e-06 4.935555345e-07 4.599015426e-07 1.365835374e-07 2.785625891e-07 2.966479481e-07 9.014109281e-08 1.013224993e-07 5.53063142e-08 8.782778796e-08 
1.572876645e-06 5.081981068e-07 4.857806784e-07 1.339733485e-07 2.692365005e-07 3.471905805e-07 8.863095705e-08 9.118111421e-08 6.023706537e-08 8.604263968e-08 
1.76734058e-06 5.268947396e-07 5.561969942e-07 1.366267912e-07 2.766152107e-07 3.900509163e-07 9.545315294e-08 8.959347347e-08 6.789552159e-08 8.76177292e-08 
1.867148593e-06 5.618531986e-07 6.003960737e-07 1.391994015e-07 2.933094468e-07 4.194831494e-07 1.54846056e-07 9.965035172e-08 6.679971725e-08 9.045456092e-08 
2.062108625e-06 5.456004999e-07 6.018827686e-07 1.483153663e-07 3.480849305e-07 4.52141474e-07 1.522298792e-07 8.268585664e-08 6.192032652e-08 9.439379564e-08 
2.171728089e-06 5.582274533e-07 6.244874961e-07 1.583092849e-07 3.685515009e-07 4.900426335e-07 1.657128357e-07 7.396856156e-08 6.017050261e-08 9.047398716e-08 
2.263023556e-06 5.381853733e-07 6.623851415e-07 1.622382066e-07 3.682341685e-07 5.06941916e-07 1.781510193e-07 7.837874197e-08 6.297856294e-08 8.926804591e-08 
2.330770339e-06 5.324087827e-07 5.354948079e-07 1.620776321e-07 3.675680915e-07 3.773000787e-07 1.78327446e-07 8.283110122e-08 3.834982528e-08 9.184311673e-08 
2.384060687e-06 5.280260089e-07 5.140821721e-07 1.48382939e-07 3.570885708e-07 3.291252568e-07 2.01294061e-07 9.012864157e-08 3.430745656e-08 8.82943425e-08 
2.329908365e-06 5.163987607e-07 4.545881731e-07 1.485672375e-07 3.697333893e-07 2.909575443e-07 2.021116288e-07 1.018598168e-07 2.896485832e-08 9.124012682e-08 
2.332399439e-06 4.867523192e-07 4.117264772e-07 1.53287448e-07 3.56699977e-07 2.919029153e-07 1.29091386e-07 9.566336447e-08 3.052132452e-08 8.348720623e-08 
2.065143771e-06 4.816403946e-07 3.95776291e-07 1.409198e-07 3.289198714e-07 2.760644711e-07 1.371083249e-07 9.870811216e-08 3.337753667e-08 7.790744608e-08 
2.001101734e-06 4.503112539e-07 3.851230019e-07 1.310097438e-07 3.129846269e-07 2.673236992e-07 1.228810526e-07 1.059383123e-07 3.211354408e-08 7.178222359e-08 
1.888432329e-06 4.531325674e-07 3.516439051e-07 1.209973013e-07 3.058336314e-07 2.468120986e-07 1.11510087e-07 9.170054176e-08 2.803261978e-08 7.553420695e-08 
1.84156938e-06 4.43520191e-07 3.56209061e-07 1.217859246e-07 3.32801747e-07 2.641786056e-07 1.189494745e-07 9.635577517e-08 3.264022728e-08 7.272354756e-08 
1.848153326e-06 4.42868335e-07 3.455268102e-07 1.265641753e-07 3.472188926e-07 2.819869788e-07 9.895181969e-08 9.067745056e-08 3.052383984e-08 7.432543876e-08 
1.724892887e-06 4.34943863e-07 3.579712679e-07 1.230827168e-07 3.081231301e-07 2.791114935e-07 9.731605896e-08 8.157820578e-08 2.894078285e-08 6.795493996e-08 
1.634166957e-06 4.072124885e-07 3.514556519e-07 1.151725988e-07 3.045387546e-07 2.698844911e-07 9.964544948e-08 7.931071672e-08 2.831767443e-08 7.174441257e-08 
1.581044168e-06 4.068951073e-07 3.458589179e-07 1.228939936e-07 2.77476153e-07 2.525662605e-07 8.795865674e-08 6.903057275e-08 2.523892079e-08 7.307292752e-08 
1.49634062e-06 4.042086427e-07 3.259928048e-07 1.260615576e-07 2.572722195e-07 2.261345133e-07 9.250542478e-08 7.055225788e-08 2.58546685e-08 7.457672625e-08 
1.440122982e-06 3.841409425e-07 3.235359104e-07 1.219666237e-07 2.392892944e-07 2.211860135e-07 1.013752272e-07 7.004220746e-08 2.498091638e-08 7.333506399e-08 
1.323309269e-06 3.683898789e-07 3.060028421e-07 1.147166578e-07 2.044035524e-07 2.117344451e-07 9.464850288e-08 6.544997585e-08 2.130593556e-08 6.579341313e-08 
1.273086874e-06 3.537114545e-07 3.022321563e-07 1.067781586e-07 1.974548078e-07 2.087338353e-07 9.099971671e-08 6.601486139e-08 2.798311792e-08 6.072638925e-08 
1.241737371e-06 3.483959412e-07 2.892639799e-07 1.056461991e-07 1.992775286e-07 2.085808169e-07 8.592793778e-08 6.40198132e-08 2.674696058e-08 5.867960695e-08 
1.184511786e-06 3.530276607e-07 2.805909044e-07 1.052135324e-07 1.960253907e-07 2.018348368e-07 8.106226446e-08 6.148610205e-08 2.720195916e-08 5.737780942e-08 
1.154216095e-06 3.480887106e-07 2.705662021e-07 9.662609861e-08 1.907943061e-07 2.004733436e-07 7.621193581e-08 6.015462262e-08 2.762847259e-08 5.473819899e-08 
1.148551308e-06 3.418275095e-07 2.727789824e-07 9.420710764e-08 1.917932297e-07 2.093062871e-07 7.141654836e-08 5.864015153e-08 2.734697535e-08 5.860583333e-08 
1.17064183e-06 3.49909718e-07 2.80301409e-07 9.261400891e-08 1.990072259e-07 2.093049919e-07 5.767698801e-08 6.079496678e-08 3.444650368e-08 5.680426643e-08 
1.173913071e-06 3.441867713e-07 2.847686846e-07 9.200852194e-08 2.026251959e-07 2.089832378e-07 5.504203062e-08 5.727450666e-08 3.024998372e-08 5.913082595e-08 
1.136311295e-06 3.420929318e-07 2.868877159e-07 9.270954036e-08 2.037361375e-07 2.000477041e-07 5.103325102e-08 5.517318818e-08 2.339730099e-08 5.869006411e-08 
1.11578119e-06 3.373519633e-07 2.763693975e-07 8.968512231e-08 1.907711221e-07 1.923865247e-07 4.829813654e-08 5.207111339e-08 2.321396802e-08 6.154838061e-08 
1.113491294e-06 3.314805537e-07 2.725492071e-07 8.715915405e-08 1.894975838e-07 1.829712265e-07 4.579262582e-08 5.043391939e-08 2.06345389e-08 5.923668616e-08 
1.114597532e-06 3.237427109e-07 2.714715127e-07 8.728955996e-08 1.913401064e-07 1.81472365e-07 4.53264098e-08 5.054925824e-08 2.047412132e-08 5.88607177e-08 
1.091719907e-06 3.255012392e-07 2.614327985e-07 8.31951417e-08 1.855167966e-07 1.716416469e-07 4.020484745e-08 4.518270608e-08 1.834981018e-08 5.424763115e-08 
1.083944328e-06 3.226884157e-07 2.468790988e-07 8.642213751e-08 1.751453961e-07 1.685475297e-07 3.903119072e-08 4.154998986e-08 1.037038836e-08 5.184123353e-08 
1.04284864e-06 3.300821001e-07 2.401570153e-07 8.717494231e-08 1.672721847e-07 1.612246945e-07 3.563117471e-08 4.142991169e-08 1.211267315e-08 5.055816388e-08 
1.068214138e-06 3.289328358e-07 2.434485538e-07 8.624676947e-08 1.623853844e-07 1.646317612e-07 3.327449021e-08 4.00666715e-08 1.246389481e-08 5.099049817e-08 
1.099585274e-06 3.240534332e-07 2.417691759e-07 8.801389332e-08 1.728399306e-07 1.693291775e-07 3.229558868e-08 4.23337119e-08 1.470477885e-08 4.87548394e-08 
1.119662581e-06 3.22825116e-07 2.432205913e-07 8.872968696e-08 1.78109283e-07 1.752512832e-07 3.389659981e-08 4.319268092e-08 1.676646923e-08 4.749115996e-08 
1.131399529e-06 3.328781994e-07 2.458339066e-07 8.984419761e-08 1.781335328e-07 1.854865945e-07 3.514804676e-08 4.442516856e-08 1.801243637e-08 5.153581384e-08 
1.198094757e-06 3.459455473e-07 2.493972906e-07 9.344845304e-08 1.906423027e-07 1.998981349e-07 3.906816813e-08 4.54326735e-08 2.060293485e-08 5.551609001e-08 
1.211563285e-06 3.533875039e-07 2.633761085e-07 9.847944377e-08 2.045302665e-07 2.06677145e-07 3.922706274e-08 4.789761172e-08 2.256857469e-08 6.001680118e-08 
1.270001738e-06 3.631755305e-07 2.805258167e-07 1.041359507e-07 2.125592472e-07 2.116252834e-07 4.143017307e-08 4.838676304e-08 2.17925562e-08 6.143148872e-08 
1.306362427e-06 3.704521134e-07 2.853948615e-07 1.117012565e-07 2.178810762e-07 2.168877598e-07 4.439683821e-08 4.905276134e-08 2.307568536e-08 6.289185604e-08 
1.309083115e-06 3.790982492e-07 2.979967957e-07 1.158807369e-07 2.174323482e-07 2.174732024e-07 4.76472464e-08 4.763800985e-08 2.235860183e-08 6.446867116e-08 
1.337763235e-06 3.883894522e-07 3.035439257e-07 1.171533758e-07 2.092180458e-07 2.281231986e-07 4.836110128e-08 4.691414038e-08 2.065759601e-08 6.716053491e-08 
1.364565037e-06 4.108001121e-07 3.182618684e-07 1.222911946e-07 2.190152648e-07 2.331757015e-07 5.072588597e-08 4.836842241e-08 2.211877614e-08 6.815784051e-08 
1.360554847e-06 4.287437564e-07 3.348579623e-07 1.264318692e-07 2.220150403e-07 2.37903935e-07 5.19031959e-08 5.058692208e-08 2.423527487e-08 7.029430143e-08 
1.403642078e-06 4.502959996e-07 3.47622286e-07 1.30330339e-07 2.320699894e-07 2.432614029e-07 5.573780726e-08 5.378791812e-08 2.879889089e-08 7.530610852e-08 
1.416985875e-06 4.815399564e-07 3.663532076e-07 1.357889537e-07 2.431110318e-07 2.555816699e-07 6.394059123e-08 6.1773376e-08 3.608830974e-08 7.675619023e-08 
1.379561192e-06 4.98838505e-07 3.896034083e-07 1.402046946e-07 2.430025583e-07 2.563669292e-07 6.99832446e-08 6.445457806e-08 3.798601713e-08 7.573997302e-08 
1.401083279e-06 5.382787468e-07 4.194115612e-07 1.510864394e-07 2.577780123e-07 2.702934491e-07 7.754873112e-08 7.046856711e-08 4.628998975e-08 7.909421994e-08 
1.433630278e-06 5.743209824e-07 4.558453911e-07 1.705221219e-07 2.856548857e-07 2.845475007e-07 8.354828245e-08 7.394233441e-08 5.309344837e-08 8.09926876e-08 
1.406913124e-06 5.954794103e-07 4.830502738e-07 1.766986608e-07 2.970168457e-07 3.01245052e-07 8.807838167e-08 7.836403577e-08 6.106724624e-08 8.019901543e-08 
1.395578303e-06 6.043446287e-07 5.092870278e-07 1.854662486e-07 3.173243519e-07 3.176999956e-07 9.712491586e-08 7.719598979e-08 6.84859661e-08 8.016343957e-08 
1.378544149e-06 6.110940214e-07 5.298641302e-07 1.872936955e-07 3.227813486e-07 3.239132736e-07 1.022607238e-07 7.627031197e-08 7.034656185e-08 7.330364633e-08 
1.359078786e-06 6.019032445e-07 5.32260397e-07 1.874697659e-07 3.385351001e-07 3.30061267e-07 1.028683505e-07 7.387718881e-08 6.945321778e-08 7.406751327e-08 
1.386669818e-06 6.065174846e-07 5.361321525e-07 1.937787805e-07 3.546159511e-07 3.389913275e-07 1.01401361e-07 7.657692436e-08 7.152620287e-08 7.398082705e-08 
1.385211915e-06 5.998225723e-07 5.338399498e-07 1.894471089e-07 3.649427193e-07 3.483666952e-07 9.633449898e-08 7.568075741e-08 6.84109602e-08 6.904577075e-08 
1.345284412e-06 5.934737051e-07 5.335777663e-07 1.817652731e-07 3.659732641e-07 3.471797972e-07 9.73056314e-08 7.738967393e-08 6.927172909e-08 6.76496897e-08 
1.372698739e-06 5.791477406e-07 5.297946359e-07 1.838660808e-07 3.725402621e-07 3.377886685e-07 9.917142592e-08 7.363004642e-08 6.57653473e-08 6.663415277e-08 
1.394498838e-06 5.774932532e-07 5.243800416e-07 1.805081915e-07 3.691710475e-07 3.278760943e-07 9.394072897e-08 8.008940888e-08 5.922947466e-08 6.27663832e-08 
