5.35615402e-06 7.909631776e-07 1.878766653e-08 
5.880687877e-06 7.379857891e-07 2.029089572e-08 
5.809557554e-06 7.089213578e-07 1.979933195e-08 
5.885848428e-06 7.200191062e-07 1.938746306e-08 
5.715372026e-06 6.596463119e-07 1.353113253e-08 
5.871902951e-06 6.344091413e-07 1.966013866e-08 
6.270949598e-06 6.458237018e-07 1.966013866e-08 
6.099642373e-06 6.612626018e-07 2.344540486e-08 
5.68248119e-06 7.287094214e-07 2.371598207e-08 
5.867109524e-06 7.988859027e-07 2.289456421e-08 
5.727207281e-06 8.484690365e-07 2.047795711e-08 
6.75064991e-06 8.422014892e-07 2.165392564e-08 
6.499699858e-06 8.227290453e-07 3.753678282e-08 
6.424668819e-06 8.843692123e-07 4.018946014e-08 
6.660091003e-06 8.436078442e-07 3.875353346e-08 
6.639663557e-06 1.091608259e-06 3.961651502e-08 
6.646296632e-06 1.036070046e-06 4.206197219e-08 
7.136963307e-06 9.890043771e-07 7.356398589e-08 
6.581424844e-06 1.022883493e-06 7.488949346e-08 
6.900369889e-06 1.015822574e-06 5.284829463e-08 
7.368969234e-06 9.94823243e-07 5.3565856e-08 
7.578950512e-06 1.001834668e-06 5.676009834e-08 
7.900953343e-06 6.887805495e-07 6.128205524e-08 
7.636177608e-06 6.604388432e-07 5.718065691e-08 
6.990196458e-06 6.576147566e-07 4.764124917e-08 
6.656048559e-06 6.268781476e-07 6.067089561e-08 
6.778810725e-06 6.085634823e-07 6.92201283e-08 
6.119638978e-06 6.543118129e-07 8.838132968e-08 
5.834335882e-06 6.267531165e-07 9.195469732e-08 
5.463481427e-06 6.419633191e-07 1.00729153e-07 
5.47757905e-06 6.598246744e-07 1.246582205e-07 
5.645357175e-06 6.179117073e-07 1.154937306e-07 
6.043321199e-06 7.193643634e-07 1.182409162e-07 
5.541342034e-06 7.291363236e-07 1.152551355e-07 
5.740472911e-06 6.843039354e-07 1.227779133e-07 
5.95354017e-06 7.058027661e-07 1.160512105e-07 
5.943542354e-06 6.737953332e-07 1.013152353e-07 
5.913001327e-06 6.315856597e-07 7.738616782e-08 
5.875266067e-06 6.492233687e-07 6.827672167e-08 
5.248285431e-06 5.343710987e-07 5.598278184e-08 
5.165710133e-06 5.086184802e-07 5.344149986e-08 
4.862755824e-06 4.744120352e-07 2.67942316e-08 
4.72555582e-06 4.828562226e-07 4.066314041e-08 
4.839119291e-06 4.982686172e-07 4.436136157e-08 
4.745040314e-06 5.13094737e-07 4.951089266e-08 
4.746875155e-06 4.994706606e-07 4.888694478e-08 
5.086990313e-06 5.246226189e-07 5.036486707e-08 
5.252914954e-06 5.569997695e-07 4.867615263e-08 
5.334708346e-06 5.935039147e-07 5.08484622e-08 
5.212557361e-06 5.684562723e-07 4.047011259e-08 
5.269792252e-06 5.674750574e-07 3.766195685e-08 
5.750162667e-06 5.847959942e-07 3.543828723e-08 
5.982674403e-06 5.870392304e-07 4.251433364e-08 
5.813576731e-06 5.910136736e-07 4.641211935e-08 
5.697053179e-06 5.584494837e-07 4.495791726e-08 
5.658590128e-06 5.415564479e-07 4.359701958e-08 
5.622292585e-06 5.503385897e-07 4.354371467e-08 
5.476620962e-06 5.362528027e-07 4.06118509e-08 
5.037427789e-06 5.378230128e-07 4.35459648e-08 
4.829520224e-06 5.676097438e-07 3.448515809e-08 
5.083057658e-06 5.943219849e-07 2.910510309e-08 
4.939036379e-06 5.80234253e-07 3.006830518e-08 
4.824386776e-06 5.518968464e-07 3.294988257e-08 
4.693666532e-06 5.484643241e-07 3.337595597e-08 
4.521239881e-06 5.300647753e-07 3.499607258e-08 
4.422128671e-06 5.144100206e-07 3.670171316e-08 
4.226789737e-06 5.018668787e-07 4.432176556e-08 
3.799515103e-06 4.324051791e-07 3.742664451e-08 
4.103398201e-06 4.730183808e-07 3.879451972e-08 
4.15168386e-06 4.888878574e-07 3.522428254e-08 
4.20489807e-06 5.048348238e-07 3.361860466e-08 
4.399229575e-06 5.395513613e-07 3.2383664e-08 
4.522138105e-06 5.611188385e-07 2.748050448e-08 
4.676068784e-06 5.571709575e-07 2.342405457e-08 
4.807776025e-06 5.688898942e-07 2.618767184e-08 
4.605751201e-06 5.64331864e-07 2.588312764e-08 
4.551318203e-06 5.601579574e-07 2.93385868e-08 
4.686464308e-06 5.303590943e-07 2.760531296e-08 
4.685477636e-06 5.640826544e-07 3.033531572e-08 
4.615804366e-06 5.538927894e-07 3.353541648e-08 
4.648391691e-06 5.761454288e-07 3.334559397e-08 
4.469947791e-06 5.733021534e-07 3.28453932e-08 
4.43765813e-06 5.643012823e-07 3.430577118e-08 
4.463031408e-06 5.679973551e-07 3.39950483e-08 
4.235582602e-06 5.784031397e-07 3.589063497e-08 
4.166117735e-06 5.623996304e-07 3.657091062e-08 
4.122315886e-06 5.687421297e-07 3.35161897e-08 
4.009734084e-06 5.515199543e-07 3.378108358e-08 
4.125717201e-06 5.619953437e-07 3.81177718e-08 
4.240063618e-06 5.817905852e-07 4.356413668e-08 
4.17870394e-06 5.786411106e-07 4.110225506e-08 
4.334211651e-06 5.6964661e-07 4.86782906e-08 
4.395990767e-06 5.454458655e-07 5.203112658e-08 
4.386206586e-06 5.264685602e-07 5.248573436e-08 
4.36572496e-06 5.412385836e-07 5.648879256e-08 
4.395914337e-06 5.438982141e-07 5.37387648e-08 
4.180383582e-06 5.266084599e-07 5.191126411e-08 
4.184593893e-06 5.025926352e-07 5.110753014e-08 
4.17100117e-06 5.039185039e-07 4.427684784e-08 
3.980576106e-06 5.058693132e-07 4.007634808e-08 
3.903849055e-06 5.015450353e-07 4.053697187e-08 
3.703202115e-06 4.698964306e-07 3.699897557e-08 
3.504749624e-06 4.92489968e-07 4.072785004e-08 
3.56986087e-06 4.814119003e-07 3.918716348e-08 
3.463149986e-06 5.206607219e-07 3.871665173e-08 
3.22888325e-06 5.336025432e-07 3.628611545e-08 
3.262666723e-06 5.173839059e-07 3.493416527e-08 
3.196416531e-06 5.415229306e-07 3.342540695e-08 
3.136062105e-06 5.273240293e-07 3.236574564e-08 
3.046066208e-06 5.071182159e-07 2.518207877e-08 
2.870454669e-06 4.981975345e-07 1.899943085e-08 
2.834283837e-06 4.596543428e-07 2.048195619e-08 
2.740610106e-06 4.442599634e-07 1.889003341e-08 
2.523840067e-06 4.461776858e-07 1.83150635e-08 
2.359183132e-06 4.166006054e-07 1.911937605e-08 
2.297789511e-06 4.021493112e-07 1.719453101e-08 
2.189734135e-06 3.816709986e-07 1.876572307e-08 
2.037670616e-06 3.660488314e-07 1.903065768e-08 
2.04678947e-06 3.688262983e-07 2.001095391e-08 
2.121242362e-06 3.981584647e-07 2.090389043e-08 
2.199639831e-06 4.151383532e-07 2.331202304e-08 
2.324733324e-06 4.410032821e-07 2.309974307e-08 
2.422970056e-06 4.550684228e-07 2.269732389e-08 
2.555323752e-06 4.806664273e-07 2.173457198e-08 
2.734528997e-06 5.588251822e-07 3.096972558e-08 
2.731461629e-06 6.036424825e-07 3.098736074e-08 
2.736119671e-06 6.423694897e-07 3.339040917e-08 
2.741842569e-06 6.878747984e-07 3.486303995e-08 
2.773497499e-06 7.489891556e-07 4.014199766e-08 
2.949903969e-06 7.479873148e-07 4.158705837e-08 
2.950506249e-06 7.670653466e-07 4.162143493e-08 
2.885629588e-06 7.318833549e-07 3.212423534e-08 
2.873868457e-06 7.218676176e-07 2.892775454e-08 
2.879359077e-06 6.681348777e-07 2.86230657e-08 
2.927891631e-06 6.268276828e-07 2.578941949e-08 
2.834405872e-06 5.671033177e-07 1.996843617e-08 
2.688593798e-06 5.752776531e-07 2.324501087e-08 
2.584120369e-06 5.544179698e-07 2.635623059e-08 
2.493189576e-06 5.204166484e-07 2.656626995e-08 
2.527721693e-06 4.925754524e-07 2.694044403e-08 
2.387882367e-06 4.650300899e-07 2.434174411e-08 
2.164640835e-06 4.373345389e-07 2.402990492e-08 
2.110305104e-06 4.349035895e-07 2.377032247e-08 
1.964159635e-06 4.530308014e-07 2.140742605e-08 
1.958722416e-06 4.194853521e-07 2.028625255e-08 
2.026882352e-06 4.207439019e-07 2.231176475e-08 
1.879237792e-06 4.169259e-07 2.180459166e-08 
1.93452971e-06 4.379067125e-07 2.083451507e-08 
2.001262666e-06 4.371627337e-07 1.811396468e-08 
2.144312621e-06 4.137474109e-07 1.79590491e-08 
2.175301964e-06 3.685592032e-07 1.559995815e-08 
2.174327928e-06 3.836913882e-07 1.427857121e-08 
2.161688583e-06 3.822751345e-07 1.446704953e-08 
2.530056918e-06 4.008474426e-07 2.173131199e-08 
2.610978202e-06 4.24813099e-07 2.626323121e-08 
2.603517454e-06 4.280742709e-07 2.748047593e-08 
2.574347458e-06 4.597919485e-07 2.999062281e-08 
2.618691562e-06 4.772238193e-07 3.167111196e-08 
2.70191286e-06 4.714421737e-07 3.150011908e-08 
2.7766552e-06 4.779981891e-07 3.133376124e-08 
2.529790046e-06 4.615689185e-07 2.575099372e-08 
2.478697362e-06 4.563103663e-07 2.435756282e-08 
2.560002973e-06 4.694656265e-07 2.468580058e-08 
2.512168943e-06 4.556490865e-07 2.238617025e-08 
2.508770454e-06 4.973843975e-07 2.179911401e-08 
2.457654676e-06 5.351297554e-07 2.2021589e-08 
2.427514054e-06 5.447409949e-07 2.257656652e-08 
2.3212802e-06 5.7038339e-07 2.303585043e-08 
2.270448931e-06 5.556903976e-07 2.16168499e-08 
2.194877555e-06 5.551018895e-07 2.407501233e-08 
2.124936324e-06 5.46369161e-07 2.458410872e-08 
2.014926849e-06 4.981647034e-07 2.68145993e-08 
1.951955742e-06 4.532864222e-07 3.27349373e-08 
1.813103203e-06 4.445639092e-07 3.112206493e-08 
1.768149592e-06 4.154521532e-07 3.132878414e-08 
1.707872392e-06 4.066912952e-07 3.369279509e-08 
1.676956182e-06 4.017867314e-07 3.255614521e-08 
1.679420507e-06 4.136964874e-07 4.027131543e-08 
1.707653025e-06 4.32455047e-07 4.864202247e-08 
1.704337901e-06 4.503523233e-07 5.194188952e-08 
1.746317431e-06 4.815816388e-07 7.181148501e-08 
1.765908516e-06 5.167207299e-07 8.222755987e-08 
1.782454352e-06 5.404604946e-07 9.31041588e-08 
1.745909945e-06 5.492275201e-07 1.087770128e-07 
1.785181731e-06 5.767879462e-07 1.283798606e-07 
1.775510035e-06 6.006764011e-07 1.355610217e-07 
1.795033118e-06 6.535787114e-07 1.928847411e-07 
1.764154669e-06 6.791671499e-07 2.792152429e-07 
1.83306299e-06 7.487906747e-07 3.247104132e-07 
1.839245393e-06 7.880138599e-07 3.617868722e-07 
1.911029001e-06 8.64892302e-07 3.892121409e-07 
1.886228769e-06 9.974923257e-07 4.058620005e-07 
1.886250792e-06 1.270386674e-06 4.514550653e-07 
1.892198514e-06 1.51026003e-06 4.041171837e-07 
1.895501522e-06 1.941541094e-06 3.339390052e-07 
1.8371404e-06 2.312555166e-06 3.06910662e-07 
1.875517163e-06 2.94410352e-06 2.780967857e-07 
1.873128375e-06 3.520841525e-06 2.602423288e-07 
1.892318248e-06 3.836803671e-06 2.493225229e-07 
1.897811444e-06 4.086321724e-06 2.064156405e-07 
1.894022319e-06 4.481690723e-06 2.190546482e-07 
