6.360899647e-06 2.165532649e-06 1.629833932e-06 9.368156029e-07 0 5.609850584e-09 6.85036591e-07 3.826388415e-07 4.213317117e-07 4.661721213e-07 
5.837798017e-06 1.759238765e-06 1.417820886e-06 7.829682886e-07 0 4.487880467e-09 5.614355956e-07 3.295721385e-07 3.404169501e-07 3.863440199e-07 
5.635975792e-06 1.519929472e-06 1.326625162e-06 6.732032531e-07 0 3.739900389e-09 4.761548684e-07 2.95373128e-07 2.850627704e-07 3.385370941e-07 
5.330104191e-06 1.367516589e-06 1.219162868e-06 6.059241713e-07 0 3.205628905e-09 4.185341562e-07 2.820697783e-07 2.524295049e-07 3.063546267e-07 
4.913792996e-06 1.165627166e-06 1.142655037e-06 5.102053434e-07 0 1.274212482e-09 3.019117375e-07 2.280970963e-07 2.838519718e-08 3.129473914e-07 
4.142196011e-06 5.401993702e-07 9.36619894e-07 3.227767158e-07 0 0 2.024550001e-07 1.503076185e-07 1.730410735e-08 2.072902185e-07 
4.384379054e-06 5.50601724e-07 9.759980344e-07 2.876464192e-07 9.91348083e-10 0 1.987687247e-07 1.580996738e-07 1.9843379e-08 2.129777761e-07 
4.842300866e-06 5.71659604e-07 2.959209537e-06 4.332735943e-07 9.91348083e-10 0 2.887326792e-07 2.019972862e-07 1.9843379e-08 2.773755554e-07 
4.713491178e-06 5.833423436e-07 2.966463569e-06 4.162715242e-07 9.91348083e-10 0 2.822401972e-07 2.014275629e-07 1.744939279e-08 2.685704763e-07 
4.72406204e-06 6.124663778e-07 2.978457238e-06 4.333890245e-07 9.91348083e-10 0 2.87818622e-07 2.02687881e-07 1.626483963e-08 2.606987103e-07 
5.051777764e-06 6.186307827e-07 3.135518041e-06 4.526975402e-07 9.91348083e-10 9.451240425e-10 3.010453121e-07 1.851365578e-07 1.101022435e-08 2.568053482e-07 
5.34099552e-06 5.099798252e-07 3.174588764e-06 4.134735023e-07 9.91348083e-10 9.451240425e-10 2.62276519e-07 1.837625468e-07 1.101022435e-08 1.651163751e-07 
5.277713399e-06 5.781360345e-07 3.058913129e-06 4.002683132e-07 9.91348083e-10 9.451240425e-10 2.285558336e-07 1.689956853e-07 2.080229525e-08 1.538386428e-07 
5.142098124e-06 5.528399904e-07 3.026860725e-06 3.975055647e-07 0 9.451240425e-10 2.331694728e-07 1.581518855e-07 1.683690292e-08 1.55562858e-07 
4.990487891e-06 5.974152677e-07 1.262744775e-06 2.74692711e-07 0 1.694010709e-09 2.105934431e-07 1.288427204e-07 1.683690292e-08 1.018174177e-07 
5.450806059e-06 6.91520922e-07 1.371193532e-06 2.998251521e-07 0 7.707179593e-09 2.83008654e-07 1.273533974e-07 1.683690292e-08 1.110685004e-07 
5.53889283e-06 7.401898594e-07 1.456906115e-06 3.057463687e-07 0 7.707179593e-09 3.472284423e-07 1.365757935e-07 1.840640351e-08 1.306223878e-07 
5.446661297e-06 7.668390042e-07 1.498567826e-06 3.326162365e-07 5.911117944e-10 6.76205555e-09 3.886226381e-07 1.518343353e-07 1.557103145e-08 1.449358053e-07 
5.392095058e-06 8.032114839e-07 1.483833768e-06 2.899120091e-07 1.3434189e-09 6.76205555e-09 3.841763195e-07 1.570074295e-07 2.459871646e-08 1.520446661e-07 
5.799924436e-06 7.748213144e-07 1.499570439e-06 3.065722711e-07 1.3434189e-09 6.76205555e-09 3.93893505e-07 1.654284136e-07 1.059718561e-08 1.507074978e-07 
5.676789897e-06 8.115240543e-07 1.66024844e-06 2.966937335e-07 1.3434189e-09 6.76205555e-09 3.758002366e-07 1.85070657e-07 1.059718561e-08 1.380092799e-07 
5.668496604e-06 7.651531908e-07 1.464466631e-06 3.05912323e-07 1.3434189e-09 6.013168883e-09 3.275074566e-07 1.745867126e-07 1.059718561e-08 1.275253356e-07 
5.448296698e-06 7.318775894e-07 1.439989173e-06 3.205311105e-07 1.3434189e-09 0 2.794225184e-07 1.735947229e-07 1.059718561e-08 1.303535758e-07 
5.499109778e-06 7.49127545e-07 1.56315936e-06 3.385742998e-07 1.3434189e-09 0 2.759396247e-07 1.935448322e-07 9.027685012e-09 1.319202454e-07 
5.67616384e-06 7.437992053e-07 1.422576166e-06 3.034047284e-07 7.523071055e-10 0 2.443484176e-07 1.863564033e-07 9.027685012e-09 1.290455052e-07 
6.131872916e-06 7.295699415e-07 1.419096618e-06 3.612500287e-07 0 0 2.792189804e-07 1.907467982e-07 0 1.587204618e-07 
6.403254832e-06 9.083849152e-07 1.651966678e-06 4.53001048e-07 0 0 3.270719243e-07 2.112069473e-07 2.324627855e-09 1.825124351e-07 
6.667514754e-06 9.455585785e-07 1.531587096e-06 4.611668406e-07 0 3.991593722e-10 3.32418121e-07 2.141675353e-07 2.324627855e-09 1.926391968e-07 
7.17958944e-06 9.453941142e-07 1.668762268e-06 4.295330192e-07 0 3.991593722e-10 3.255324787e-07 2.026191197e-07 2.324627855e-09 1.832740304e-07 
7.765973546e-06 1.121680425e-06 1.770182199e-06 5.294340651e-07 0 3.991593722e-10 3.733712118e-07 2.728644272e-07 2.324627855e-09 2.091375393e-07 
8.534974313e-06 1.203494004e-06 2.070726542e-06 6.059150905e-07 0 3.991593722e-10 3.88112237e-07 2.780023252e-07 2.324627855e-09 2.275192169e-07 
9.086449219e-06 1.356153356e-06 2.220825487e-06 6.963958421e-07 0 2.216335369e-09 4.269138896e-07 3.067458861e-07 2.324627855e-09 2.537662677e-07 
9.074006942e-06 1.497694833e-06 2.373473892e-06 7.477588408e-07 0 2.986342982e-09 4.269104831e-07 3.395680719e-07 3.479639307e-09 2.705926749e-07 
9.185606359e-06 1.435134233e-06 2.274265041e-06 7.641402046e-07 0 2.986342982e-09 4.421755315e-07 3.644721441e-07 1.902720394e-09 2.741055454e-07 
9.565514379e-06 1.677246822e-06 2.373621312e-06 8.656648975e-07 0 2.58718361e-09 4.900189034e-07 3.727615306e-07 1.902720394e-09 3.003630797e-07 
9.552467548e-06 1.827218203e-06 2.323622685e-06 9.304435723e-07 0 2.58718361e-09 5.416260405e-07 4.101484714e-07 3.427088074e-09 3.492860807e-07 
9.721870941e-06 1.82859409e-06 2.318578303e-06 9.233086514e-07 0 2.58718361e-09 5.899665203e-07 3.912973909e-07 3.427088074e-09 3.690642326e-07 
1.018029941e-05 2.000863057e-06 2.514372568e-06 1.028847172e-06 0 2.909633074e-09 6.746357753e-07 4.334034104e-07 3.749537538e-09 4.089906806e-07 
1.004156443e-05 1.966288811e-06 2.514815524e-06 9.940833284e-07 1.76417966e-09 1.092457077e-09 6.592096164e-07 4.321754261e-07 3.749537538e-09 3.94301931e-07 
1.013758668e-05 1.868753673e-06 2.387893395e-06 9.362830643e-07 1.76417966e-09 3.22449464e-10 6.639116188e-07 4.094800659e-07 2.594526086e-09 3.707247913e-07 
1.022587523e-05 2.020061353e-06 2.466547374e-06 9.536981663e-07 1.76417966e-09 3.22449464e-10 6.675447009e-07 4.68211685e-07 3.539014256e-09 4.244937851e-07 
1.006388538e-05 1.844551256e-06 2.466224698e-06 8.788887352e-07 1.76417966e-09 3.22449464e-10 6.410636177e-07 4.605382782e-07 3.539014256e-09 4.291402636e-07 
9.954305304e-06 1.748208141e-06 2.415194639e-06 8.556531798e-07 2.063535184e-09 3.22449464e-10 6.02673351e-07 4.486078637e-07 2.314002101e-09 3.963060067e-07 
1.022298927e-05 1.976235321e-06 2.492144875e-06 9.163889924e-07 2.658456312e-09 3.22449464e-10 6.087732101e-07 4.635236581e-07 2.314002101e-09 4.124767616e-07 
9.825797991e-06 1.800820704e-06 1.939451051e-06 7.968692728e-07 2.658456312e-09 0 5.107830735e-07 4.16433835e-07 4.763507493e-09 3.725964624e-07 
1.00551719e-05 1.825670811e-06 2.044230817e-06 8.249779455e-07 8.942766527e-10 5.863848454e-10 5.202379774e-07 4.395796428e-07 4.763507493e-09 3.95364972e-07 
1.049148224e-05 1.92907893e-06 2.100709724e-06 8.711255443e-07 8.942766527e-10 5.863848454e-10 5.487862852e-07 4.494542785e-07 4.763507493e-09 4.357071524e-07 
1.071499407e-05 1.804759693e-06 2.024832595e-06 8.389020739e-07 8.942766527e-10 5.863848454e-10 5.421067531e-07 3.76744416e-07 6.323525893e-09 3.84858343e-07 
1.145875038e-05 1.954364848e-06 2.176962425e-06 9.780645403e-07 8.942766527e-10 5.863848454e-10 5.745980535e-07 4.220369801e-07 6.323525893e-09 3.914932003e-07 
1.202058359e-05 2.079595707e-06 2.272275294e-06 1.044139724e-06 5.949211282e-10 3.033114395e-09 6.0767316e-07 4.471787837e-07 1.360903187e-08 4.118305615e-07 
1.207034854e-05 1.917525895e-06 2.262050332e-06 1.002076959e-06 0 3.907959163e-09 5.643712728e-07 4.220584019e-07 1.557743255e-08 4.010316234e-07 
1.215295535e-05 2.098514122e-06 2.350665389e-06 1.075379649e-06 1.998487883e-10 5.506749469e-09 5.976466874e-07 4.790235023e-07 1.340502407e-08 4.542653674e-07 
1.243692259e-05 2.130629095e-06 2.299020285e-06 1.085280092e-06 1.998487883e-10 4.920364624e-09 6.36619786e-07 4.697927847e-07 1.498241613e-08 4.59759633e-07 
1.303178189e-05 2.564846178e-06 2.695648098e-06 1.260469129e-06 1.998487883e-10 5.339118449e-09 7.487413752e-07 5.866569138e-07 2.147310019e-08 5.744463709e-07 
1.337941389e-05 2.781904998e-06 2.787139855e-06 1.312263285e-06 9.20338488e-10 6.299771403e-09 7.958040555e-07 6.346085846e-07 2.326431244e-08 6.228850436e-07 
1.398288051e-05 3.652354248e-06 3.181854254e-06 1.474727201e-06 9.20338488e-10 7.559781023e-09 9.666826242e-07 7.331446779e-07 2.37683163e-08 7.743180187e-07 
1.475028642e-05 3.797406683e-06 3.351259108e-06 1.501596257e-06 9.20338488e-10 5.113051474e-09 1.032516926e-06 7.792123183e-07 1.780793757e-08 8.11720497e-07 
1.536385558e-05 3.96048899e-06 3.590040153e-06 1.580860328e-06 9.20338488e-10 4.462797306e-09 1.096377113e-06 8.844489027e-07 3.874777778e-08 8.588045871e-07 
1.580238768e-05 4.142166761e-06 3.661974006e-06 1.603568543e-06 7.204896996e-10 2.864007e-09 1.161440788e-06 8.892816896e-07 1.801102525e-07 8.951620113e-07 
1.617867838e-05 4.431550289e-06 3.802539888e-06 1.724708877e-06 7.204896996e-10 3.207823435e-09 1.189950792e-06 9.890016973e-07 4.188605501e-07 8.921273361e-07 
1.571710436e-05 4.189093683e-06 3.55588317e-06 1.638108318e-06 7.204896996e-10 2.78906961e-09 1.120742143e-06 9.455342251e-07 7.400354712e-07 7.988695602e-07 
1.647055576e-05 4.632618844e-06 3.838531419e-06 1.913805201e-06 0 1.828416656e-09 1.224642444e-06 1.067181496e-06 1.151837924e-06 8.934309018e-07 
1.671134188e-05 4.620018444e-06 3.755017198e-06 1.973370802e-06 2.714209492e-10 8.398279849e-10 1.275721047e-06 1.094928426e-06 2.157491408e-06 9.227128308e-07 
1.69915255e-05 5.115971135e-06 4.047634872e-06 2.179367097e-06 2.714209492e-10 8.398279849e-10 1.411837664e-06 1.185161117e-06 3.00976584e-06 1.028872349e-06 
1.694154201e-05 5.082911587e-06 4.003934594e-06 2.119785758e-06 2.714209492e-10 8.78271297e-10 1.422037241e-06 1.143919357e-06 3.470050891e-06 1.007093086e-06 
1.775331657e-05 5.200198919e-06 4.252853257e-06 2.268425858e-06 2.714209492e-10 8.78271297e-10 1.499250922e-06 1.277933052e-06 3.811190335e-06 1.015120952e-06 
1.788823621e-05 5.029418714e-06 4.293720914e-06 2.17044346e-06 2.714209492e-10 5.344548613e-10 1.484194489e-06 1.220185002e-06 3.839986821e-06 1.028606196e-06 
1.830253963e-05 5.074538259e-06 4.385823786e-06 2.134127953e-06 5.198923831e-10 5.344548613e-10 1.455670713e-06 1.206380164e-06 3.801790448e-06 1.020819793e-06 
1.788480118e-05 4.678428663e-06 4.274384602e-06 1.877240736e-06 5.198923831e-10 7.778585395e-10 1.346571716e-06 1.099516721e-06 3.598653003e-06 9.120545639e-07 
1.760516872e-05 3.891181125e-06 4.225458594e-06 1.635386054e-06 2.484714339e-10 7.471014283e-10 1.156741803e-06 1.022820787e-06 2.802113711e-06 7.517474176e-07 
1.682197386e-05 3.340465745e-06 3.963085127e-06 1.410098305e-06 4.820480205e-10 6.586516221e-09 9.979098731e-07 9.477346988e-07 2.169411817e-06 6.173886585e-07 
1.676911584e-05 3.497780361e-06 4.04826473e-06 1.513077531e-06 4.820480205e-10 1.232052543e-08 1.039859407e-06 9.552096328e-07 1.898471023e-06 6.892836219e-07 
1.629153186e-05 4.370473919e-06 3.972738146e-06 1.496180386e-06 4.820480205e-10 1.74014795e-08 9.990532216e-07 8.810431008e-07 1.603999993e-06 8.855621445e-07 
1.637123556e-05 4.558278111e-06 3.967919318e-06 1.59319224e-06 4.820480205e-10 2.263856975e-08 1.021363638e-06 8.843806622e-07 1.538719484e-06 9.04825697e-07 
1.720786804e-05 4.837651659e-06 4.129947521e-06 1.642658552e-06 2.335765866e-10 2.651700205e-08 1.118631344e-06 9.251851744e-07 1.482364447e-06 9.465859583e-07 
1.708761335e-05 4.631985283e-06 4.039503178e-06 1.548397985e-06 2.335765866e-10 2.908741054e-08 1.083161075e-06 8.997467863e-07 1.398091367e-06 9.0160071e-07 
1.702239661e-05 4.633849487e-06 3.87922991e-06 1.587120307e-06 3.983040818e-09 3.405433573e-08 1.109913764e-06 8.947158027e-07 1.503428166e-06 9.160618301e-07 
1.771735775e-05 4.767635671e-06 3.94059761e-06 1.642249101e-06 3.749464231e-09 3.151766518e-08 1.164846334e-06 8.947349508e-07 1.533761195e-06 9.583523755e-07 
1.79877565e-05 5.023476595e-06 3.885159945e-06 1.58940676e-06 3.922151968e-09 2.880168916e-08 1.341841084e-06 1.044150996e-06 1.757545241e-06 9.734304172e-07 
1.750430978e-05 4.045679426e-06 3.711677859e-06 1.407249637e-06 3.922151968e-09 2.750376536e-08 1.351338515e-06 9.904377894e-07 1.844418096e-06 7.301911182e-07 
1.72630263e-05 3.997319774e-06 3.677811427e-06 1.40885064e-06 4.801320452e-09 2.54902928e-08 1.399361151e-06 1.046785631e-06 1.878242967e-06 7.991372075e-07 
1.668510634e-05 3.841707114e-06 3.749992759e-06 1.477829642e-06 1.129268257e-08 2.763955388e-08 1.438825458e-06 1.086718685e-06 2.035537851e-06 7.936420973e-07 
1.674543338e-05 4.137804971e-06 3.894834793e-06 1.580873816e-06 1.415386713e-08 3.166079335e-08 1.563541462e-06 1.132312426e-06 2.267247542e-06 8.740329512e-07 
1.655197944e-05 4.303066427e-06 4.016806835e-06 1.565965639e-06 1.227589608e-08 3.019619069e-08 1.636117547e-06 1.153360488e-06 2.349049087e-06 8.960783069e-07 
1.632591232e-05 4.289763735e-06 4.132629913e-06 1.583013841e-06 1.227589608e-08 3.012205114e-08 1.656497212e-06 1.175871806e-06 2.413752359e-06 9.082020905e-07 
1.673496354e-05 4.092343293e-06 4.306029041e-06 1.61854611e-06 1.24456126e-08 2.838180319e-08 1.539726311e-06 1.138574061e-06 2.375075967e-06 8.803216442e-07 
1.736051204e-05 4.265311061e-06 4.554765772e-06 1.667990935e-06 1.423102176e-08 3.620393242e-08 1.558277469e-06 1.16815493e-06 2.447370369e-06 9.269619373e-07 
1.815821789e-05 4.858190323e-06 4.877404795e-06 1.76495582e-06 1.43902521e-08 3.748004282e-08 1.655162058e-06 1.220949977e-06 2.709690859e-06 9.774540461e-07 
1.823829215e-05 4.922066085e-06 4.93002595e-06 1.755699145e-06 8.540370506e-09 3.610308306e-08 1.618826137e-06 1.203788754e-06 2.743140028e-06 9.749757136e-07 
1.826484913e-05 4.867313789e-06 5.005056339e-06 1.777629369e-06 6.988390628e-09 3.392298163e-08 1.615708048e-06 1.242663724e-06 2.691985563e-06 9.642454545e-07 
1.837696514e-05 4.964001521e-06 5.003551061e-06 1.789973778e-06 5.563371034e-09 3.553767832e-08 1.613828528e-06 1.248941755e-06 2.663569733e-06 1.007527309e-06 
1.842383712e-05 5.442845837e-06 4.967730417e-06 1.841088826e-06 5.563371034e-09 3.488412416e-08 1.667696925e-06 1.312048312e-06 2.705419904e-06 1.058368233e-06 
1.811980526e-05 5.353378323e-06 4.920544727e-06 1.823867592e-06 6.189400421e-09 3.514182469e-08 1.622001995e-06 1.237505736e-06 2.60633731e-06 1.040430683e-06 
1.800244484e-05 5.110697397e-06 4.913264352e-06 1.823663378e-06 1.01067758e-08 2.612883979e-08 1.567371571e-06 1.268942567e-06 2.502463255e-06 1.005723391e-06 
1.739841511e-05 4.574616859e-06 4.727808703e-06 1.67875055e-06 9.596240818e-09 2.506022666e-08 1.452889559e-06 1.249881279e-06 2.256244768e-06 8.83817287e-07 
1.746099978e-05 4.526272992e-06 4.664981199e-06 1.643896878e-06 9.568754995e-09 2.335666746e-08 1.469867243e-06 1.252314275e-06 2.062634524e-06 8.696233392e-07 
1.776716142e-05 4.88697216e-06 4.825528582e-06 1.758271797e-06 1.820494695e-08 2.378492019e-08 1.544363272e-06 1.31699442e-06 2.160847219e-06 9.830831768e-07 
1.832491034e-05 4.906781214e-06 5.044853294e-06 1.88892789e-06 2.883194083e-08 2.096702317e-08 1.60315249e-06 1.407163657e-06 2.137307872e-06 9.925442116e-07 
1.866915305e-05 4.82804223e-06 5.246427723e-06 1.93152742e-06 1.822837221e-07 1.976869665e-08 1.737383059e-06 1.418488864e-06 2.077973509e-06 1.010867818e-06 
1.845571127e-05 4.922909739e-06 5.267089494e-06 1.923290565e-06 3.895326019e-07 2.461651505e-08 1.750894934e-06 1.445836785e-06 2.06580002e-06 1.026348351e-06 
1.857234123e-05 5.135043531e-06 5.299043486e-06 2.00003899e-06 5.932079383e-07 3.310084093e-08 1.815119195e-06 1.471565367e-06 2.16417251e-06 1.076593175e-06 
1.903468053e-05 5.258495224e-06 5.454246743e-06 2.131265839e-06 8.702113757e-07 3.596844625e-08 1.885275554e-06 1.494042928e-06 2.235609762e-06 1.139586272e-06 
1.900365481e-05 5.280525069e-06 5.462492546e-06 2.173709277e-06 1.162884281e-06 3.916921035e-08 1.882654293e-06 1.49928852e-06 2.444687392e-06 1.145695048e-06 
1.904207212e-05 5.18202257e-06 5.385248902e-06 2.100373568e-06 1.519369947e-06 4.334670274e-08 1.824792223e-06 1.458387162e-06 2.363337899e-06 1.084969873e-06 
1.892416445e-05 5.292154258e-06 5.283843945e-06 2.011317715e-06 1.839629493e-06 4.756684418e-08 1.787604593e-06 1.377977193e-06 2.377198988e-06 1.061158555e-06 
1.862016299e-05 5.176320493e-06 5.240158576e-06 1.980962582e-06 2.158725173e-06 5.512423584e-08 1.615543917e-06 1.366801095e-06 2.333120181e-06 1.017333862e-06 
1.892468208e-05 5.227007932e-06 5.224586662e-06 2.045491377e-06 2.276494927e-06 6.279418078e-08 1.594756928e-06 1.372439621e-06 2.42878366e-06 1.019252669e-06 
1.921894389e-05 5.168419713e-06 5.363442272e-06 2.076330166e-06 2.467942327e-06 7.341650437e-08 1.57757287e-06 1.382878525e-06 2.35099219e-06 9.93631545e-07 
1.876838178e-05 5.175468816e-06 5.396464465e-06 2.014776084e-06 2.39772461e-06 8.293325239e-08 1.611705686e-06 1.38598708e-06 2.325673872e-06 1.012103512e-06 
1.853779395e-05 5.029879601e-06 5.365481359e-06 1.929786046e-06 2.43464964e-06 1.097779833e-07 1.573037545e-06 1.352465217e-06 2.142968453e-06 9.831311607e-07 
1.883432534e-05 4.946714366e-06 5.425284533e-06 1.920362641e-06 2.402378332e-06 2.924259159e-07 1.579187044e-06 1.365139903e-06 2.055273139e-06 9.74090556e-07 
1.86500929e-05 4.84838558e-06 5.482096185e-06 1.928583125e-06 2.288056537e-06 7.102397482e-07 1.552282811e-06 1.390743738e-06 1.915881366e-06 9.775686099e-07 
1.89446694e-05 4.71421075e-06 5.454018265e-06 1.94041341e-06 2.157449168e-06 1.223367837e-06 1.5558886e-06 1.365007912e-06 1.915560558e-06 9.632464396e-07 
1.969911734e-05 4.970040436e-06 5.743211009e-06 2.07330202e-06 2.197124737e-06 2.248065707e-06 1.674520945e-06 1.437929248e-06 1.864740852e-06 1.028441082e-06 
1.957580025e-05 5.21698137e-06 5.627141101e-06 2.079696515e-06 2.000541761e-06 3.232284394e-06 1.676891104e-06 1.443304719e-06 1.98054592e-06 1.038626652e-06 
2.004197345e-05 5.379461235e-06 5.532779726e-06 2.106403177e-06 2.01455256e-06 4.935072332e-06 1.616478309e-06 1.4282729e-06 1.92581576e-06 1.001259014e-06 
2.094245844e-05 6.026638078e-06 5.781711349e-06 2.304151264e-06 2.15954833e-06 7.139880202e-06 1.829892523e-06 1.562657108e-06 1.885896008e-06 1.176333529e-06 
2.092073789e-05 6.23098705e-06 5.812867455e-06 2.383736858e-06 2.146620805e-06 8.407191249e-06 1.91053888e-06 1.57551595e-06 1.846515163e-06 1.230115101e-06 
2.122489553e-05 6.721856737e-06 5.946692129e-06 2.509772068e-06 2.304831306e-06 9.426001692e-06 2.101588669e-06 1.657605204e-06 1.823245823e-06 1.328537727e-06 
2.150216928e-05 7.168106874e-06 6.221575404e-06 2.640932053e-06 2.316769626e-06 1.013654219e-05 2.227588993e-06 1.775959877e-06 1.768759603e-06 1.437027411e-06 
2.081855538e-05 7.071022147e-06 5.956595812e-06 2.504314677e-06 2.160495325e-06 1.000121028e-05 2.15660186e-06 1.711594596e-06 1.575274609e-06 1.37742478e-06 
2.099499787e-05 6.942832572e-06 5.996281288e-06 2.44001116e-06 2.252947037e-06 9.88461118e-06 2.180749967e-06 1.708165509e-06 1.377389172e-06 1.395155558e-06 
2.102502679e-05 6.85814153e-06 6.050169239e-06 2.454686247e-06 2.34450124e-06 8.81060123e-06 2.20396162e-06 1.72582356e-06 1.359121874e-06 1.416949463e-06 
2.032133125e-05 6.373443024e-06 5.752837361e-06 2.290407191e-06 2.100219961e-06 7.208332915e-06 2.012234583e-06 1.638675014e-06 1.318168432e-06 1.292426759e-06 
2.014167616e-05 6.193362814e-06 5.604844513e-06 2.21087516e-06 2.065077475e-06 6.538828464e-06 1.933209595e-06 1.618932369e-06 1.336262585e-06 1.225919358e-06 
2.029550056e-05 5.858415664e-06 5.504111998e-06 2.134430019e-06 1.981675707e-06 5.949000752e-06 1.855069643e-06 1.597015707e-06 1.322339813e-06 1.181089601e-06 
2.002486716e-05 5.488650394e-06 5.157543066e-06 2.011364245e-06 1.842340648e-06 5.347754982e-06 1.776899239e-06 1.508466409e-06 1.253232304e-06 1.120663943e-06 
2.02179612e-05 5.510944253e-06 5.252087768e-06 2.052628897e-06 1.912199796e-06 5.115929915e-06 1.837473795e-06 1.521718478e-06 1.278590868e-06 1.195933724e-06 
1.997967723e-05 5.552367643e-06 5.18838637e-06 2.035482388e-06 1.838915539e-06 4.915593178e-06 1.85159971e-06 1.498303602e-06 1.234331056e-06 1.212074592e-06 
1.995795122e-05 5.714914356e-06 5.184619048e-06 2.020407546e-06 1.723685305e-06 4.836758438e-06 1.914198849e-06 1.501655967e-06 1.150070545e-06 1.279452265e-06 
2.032582571e-05 6.135683959e-06 5.32687188e-06 2.141199437e-06 2.079801009e-06 5.010713916e-06 2.026695126e-06 1.541597174e-06 1.159446997e-06 1.394062467e-06 
2.060006643e-05 6.351464175e-06 5.422699035e-06 2.207212479e-06 2.601446113e-06 4.83630486e-06 2.045510655e-06 1.550021368e-06 1.09158682e-06 1.419556611e-06 
2.040202708e-05 6.482771564e-06 5.297854191e-06 2.213132153e-06 2.986347909e-06 4.76470398e-06 1.999202693e-06 1.52400766e-06 1.011210746e-06 1.440327716e-06 
2.046536741e-05 6.820967818e-06 5.424204638e-06 2.237427517e-06 3.536419545e-06 4.762769549e-06 2.045105784e-06 1.571610288e-06 1.009744811e-06 1.46971794e-06 
2.055743945e-05 6.953411295e-06 5.35746936e-06 2.199220457e-06 3.905793343e-06 4.712461759e-06 2.017509376e-06 1.596742079e-06 1.004824558e-06 1.441023577e-06 
2.080010303e-05 7.293533924e-06 5.403109494e-06 2.296902949e-06 4.417825445e-06 4.711857335e-06 2.070550149e-06 1.660140648e-06 9.804361006e-07 1.472089675e-06 
2.131321682e-05 8.295553276e-06 5.746910769e-06 2.494696413e-06 5.114136781e-06 4.916960279e-06 2.41240543e-06 1.806979136e-06 1.240026482e-06 1.701168263e-06 
2.142715026e-05 8.510146082e-06 5.771313616e-06 2.511799071e-06 5.534903786e-06 4.767649898e-06 2.415946678e-06 1.852847406e-06 1.232527633e-06 1.696337352e-06 
2.143531388e-05 8.963996282e-06 5.885351064e-06 2.619546584e-06 5.852238961e-06 4.681980499e-06 2.502765613e-06 1.947174431e-06 1.227795727e-06 1.766526127e-06 
2.146002147e-05 8.999053534e-06 5.957158139e-06 2.627510542e-06 6.549373925e-06 4.391348252e-06 2.509180311e-06 1.943744743e-06 1.277630174e-06 1.71597279e-06 
2.142911321e-05 9.105464609e-06 6.209200235e-06 2.682781607e-06 7.389536222e-06 4.40135906e-06 2.534131909e-06 1.954909326e-06 1.32895996e-06 1.755733592e-06 
2.132593675e-05 9.279232472e-06 6.385626291e-06 2.723875793e-06 8.167122814e-06 4.499954067e-06 2.559839686e-06 1.975898564e-06 1.272978685e-06 1.807793296e-06 
2.123202181e-05 9.182770035e-06 6.433685875e-06 2.681423926e-06 8.628804283e-06 4.318600759e-06 2.529616203e-06 1.985036874e-06 1.275959343e-06 1.83395941e-06 
2.069132773e-05 8.399986265e-06 6.13516925e-06 2.470809737e-06 8.781242416e-06 4.041673265e-06 2.197976788e-06 1.84315955e-06 9.579655154e-07 1.611427511e-06 
2.034128166e-05 8.278462831e-06 6.201852622e-06 2.437071121e-06 8.759702398e-06 3.747192328e-06 2.234502452e-06 1.815895936e-06 8.928326045e-07 1.614431994e-06 
2.021107918e-05 8.373056387e-06 6.443516733e-06 2.393506e-06 8.76907721e-06 3.555752333e-06 2.313470077e-06 1.779980867e-06 8.424644225e-07 1.694144446e-06 
1.98904176e-05 8.373171243e-06 6.361983001e-06 2.311599766e-06 8.10289222e-06 3.335671295e-06 2.260429158e-06 1.767528845e-06 7.944081761e-07 1.69550773e-06 
2.006960572e-05 8.389900488e-06 6.165162956e-06 2.316741302e-06 7.248338534e-06 3.007069755e-06 2.215580512e-06 1.759946079e-06 7.10685161e-07 1.680518088e-06 
1.989427489e-05 8.395511031e-06 6.109726071e-06 2.342977008e-06 6.42119325e-06 2.599117693e-06 2.157744591e-06 1.742446102e-06 7.336761964e-07 1.623582112e-06 
1.964982532e-05 8.56688426e-06 6.245677534e-06 2.399872593e-06 5.947188843e-06 2.509914615e-06 2.182138896e-06 1.736564465e-06 7.479297161e-07 1.622887144e-06 
1.942052274e-05 8.708344077e-06 6.408065409e-06 2.525041574e-06 5.564374728e-06 2.232949279e-06 2.145770606e-06 1.74981171e-06 7.436195071e-07 1.651305216e-06 
1.950545655e-05 8.936276182e-06 6.553390644e-06 2.60424937e-06 5.178949388e-06 2.184025675e-06 2.152807399e-06 1.813232546e-06 7.279217503e-07 1.725773213e-06 
1.928137031e-05 8.762809947e-06 6.221478608e-06 2.575328218e-06 4.693065746e-06 2.102329047e-06 2.012549999e-06 1.78519172e-06 7.45860973e-07 1.625266285e-06 
1.963986012e-05 9.012177543e-06 6.395973417e-06 2.690451538e-06 4.518103099e-06 2.051936836e-06 2.109812142e-06 1.820957355e-06 7.42909817e-07 1.695965206e-06 
1.903937664e-05 8.941095075e-06 6.299992297e-06 2.634527358e-06 4.242491514e-06 2.037554379e-06 2.092204259e-06 1.793627965e-06 7.365949273e-07 1.670637208e-06 
1.882740435e-05 8.89378394e-06 6.220322575e-06 2.58690784e-06 4.075938153e-06 1.971742027e-06 2.118281275e-06 1.781206834e-06 7.280492582e-07 1.708491579e-06 
1.864939467e-05 9.008062079e-06 6.134230781e-06 2.587059011e-06 3.837381947e-06 1.805146699e-06 2.141175823e-06 1.764928324e-06 7.26744312e-07 1.738887948e-06 
1.898077738e-05 9.096552796e-06 6.168635147e-06 2.59956518e-06 3.620531873e-06 1.888541614e-06 2.220182101e-06 1.832438475e-06 7.728849596e-07 1.744200322e-06 
1.883289432e-05 8.857582153e-06 5.913474005e-06 2.524854251e-06 3.375127432e-06 1.833903346e-06 2.139894312e-06 1.744195434e-06 7.934916003e-07 1.632266909e-06 
1.869852973e-05 8.864438704e-06 5.94385548e-06 2.502450538e-06 3.112081718e-06 1.810182766e-06 2.164556658e-06 1.728577071e-06 7.713247864e-07 1.662414223e-06 
1.865903479e-05 8.869571892e-06 5.908427998e-06 2.482658179e-06 2.958907284e-06 1.870973473e-06 2.148374376e-06 1.737393291e-06 7.689658738e-07 1.664212505e-06 
1.911667044e-05 9.197167076e-06 6.059016219e-06 2.537545242e-06 2.907431508e-06 1.856258369e-06 2.230159258e-06 1.788485909e-06 7.858775786e-07 1.726313193e-06 
1.964594438e-05 9.481632852e-06 6.217808537e-06 2.607686935e-06 2.924870387e-06 1.913397097e-06 2.284778215e-06 1.845623193e-06 8.079674347e-07 1.765479559e-06 
2.016193659e-05 9.581803429e-06 6.260589998e-06 2.619023625e-06 2.819996748e-06 1.895681277e-06 2.281459924e-06 1.902525388e-06 7.59730954e-07 1.74456935e-06 
2.008010363e-05 9.736080366e-06 6.174826922e-06 2.562370777e-06 2.760443197e-06 1.8472978e-06 2.280371876e-06 1.878237916e-06 7.234203768e-07 1.740339274e-06 
2.019978404e-05 1.013258472e-05 6.35996951e-06 2.595786879e-06 2.824888173e-06 1.835822023e-06 2.325541833e-06 1.93402762e-06 7.020620874e-07 1.779215982e-06 
2.064193177e-05 1.0311599e-05 6.428604853e-06 2.614135253e-06 2.782711265e-06 1.931817256e-06 2.324202796e-06 1.977693338e-06 7.222497191e-07 1.775589794e-06 
2.059017217e-05 1.047803835e-05 6.505264927e-06 2.617174167e-06 2.785658613e-06 1.890466852e-06 2.317322047e-06 1.975571779e-06 7.176384835e-07 1.762683545e-06 
2.018235058e-05 1.056088136e-05 6.409344613e-06 2.597785072e-06 2.730448874e-06 1.873428703e-06 2.23289963e-06 1.952699693e-06 7.15223702e-07 1.707428104e-06 
1.965840836e-05 1.051867782e-05 6.26956002e-06 2.518254308e-06 2.613963618e-06 1.834394035e-06 2.15928966e-06 1.910478107e-06 6.504504963e-07 1.645073244e-06 
1.913186575e-05 1.066974021e-05 6.147741195e-06 2.485447924e-06 2.539274062e-06 1.780404611e-06 2.101418188e-06 1.851205135e-06 6.422676506e-07 1.635481096e-06 
1.881448796e-05 1.060941486e-05 6.063022413e-06 2.473671982e-06 2.488372567e-06 1.689524148e-06 2.030356606e-06 1.82829753e-06 6.295835695e-07 1.596055264e-06 
1.828700884e-05 1.036979821e-05 5.815491087e-06 2.365920247e-06 2.334517863e-06 1.590635731e-06 1.916585981e-06 1.760843864e-06 6.08065404e-07 1.511290488e-06 
1.761931318e-05 1.032387198e-05 5.665596291e-06 2.289446651e-06 2.262440457e-06 1.394859152e-06 1.882673684e-06 1.724147523e-06 5.753941049e-07 1.503235223e-06 
1.691132729e-05 1.004056373e-05 5.38846494e-06 2.173833455e-06 2.120938672e-06 1.30177656e-06 1.778036595e-06 1.651340442e-06 5.436973497e-07 1.412001032e-06 
1.652465705e-05 9.563558056e-06 5.221451829e-06 2.027054864e-06 1.965842785e-06 1.145819015e-06 1.689508508e-06 1.558411376e-06 4.875463446e-07 1.328179451e-06 
1.597331577e-05 9.292813827e-06 5.036314958e-06 1.965754596e-06 1.875164701e-06 9.810098862e-07 1.5924822e-06 1.473762252e-06 4.689922467e-07 1.252291205e-06 
1.536809681e-05 8.690777122e-06 4.850490638e-06 1.835838296e-06 1.793320523e-06 9.296520846e-07 1.475622266e-06 1.408983686e-06 4.4525383e-07 1.139156869e-06 
1.46891624e-05 8.150650046e-06 4.57623381e-06 1.678331906e-06 1.672708842e-06 8.687127401e-07 1.355439654e-06 1.293711242e-06 4.29573914e-07 1.045093102e-06 
1.40617033e-05 7.827507553e-06 4.405326893e-06 1.590695027e-06 1.63435558e-06 8.252419142e-07 1.299099657e-06 1.220127875e-06 4.043637156e-07 1.002671256e-06 
1.322960088e-05 7.228001778e-06 4.126145346e-06 1.472221535e-06 1.569658788e-06 7.746456276e-07 1.152542049e-06 1.118522399e-06 3.668321865e-07 8.632435749e-07 
1.273617688e-05 6.936632157e-06 4.049436549e-06 1.420521504e-06 1.517417153e-06 7.185538574e-07 1.097302897e-06 1.086161084e-06 3.569699995e-07 8.203376508e-07 
1.21726754e-05 6.741091576e-06 3.891118955e-06 1.374233031e-06 1.503055257e-06 7.138425531e-07 1.057529508e-06 1.048282156e-06 3.663015572e-07 8.00034562e-07 
1.164627715e-05 6.479968566e-06 3.805218057e-06 1.302961047e-06 1.466958452e-06 6.96659762e-07 1.033934081e-06 1.003848516e-06 3.559283763e-07 7.75043361e-07 
1.144754736e-05 6.356887752e-06 3.772891107e-06 1.276133308e-06 1.422829152e-06 6.630266317e-07 1.022428112e-06 9.644446339e-07 3.647659769e-07 7.669325441e-07 
1.11565631e-05 6.308941011e-06 3.967369074e-06 1.242936183e-06 1.396256136e-06 6.582476837e-07 1.009061837e-06 9.439603283e-07 3.600004074e-07 7.452704917e-07 
1.108044814e-05 6.106853042e-06 4.340972282e-06 1.227009404e-06 1.334692586e-06 6.262467147e-07 9.773681557e-07 9.283982406e-07 3.765419519e-07 7.058028392e-07 
1.099493368e-05 6.001839211e-06 4.591422956e-06 1.20300524e-06 1.300649728e-06 6.230236441e-07 9.573909746e-07 9.095021889e-07 3.989280434e-07 6.856337466e-07 
1.071108571e-05 5.855467342e-06 4.640402429e-06 1.162735495e-06 1.287383579e-06 6.163709421e-07 9.450007659e-07 8.678472016e-07 4.101962523e-07 6.794886157e-07 
1.056107833e-05 5.733691848e-06 4.603219525e-06 1.126216619e-06 1.231046456e-06 6.735037752e-07 9.256636742e-07 8.475520709e-07 4.129247446e-07 6.576004077e-07 
1.040082277e-05 5.518809563e-06 4.510304604e-06 1.070671122e-06 1.177247977e-06 6.550317348e-07 8.799573022e-07 8.22622204e-07 4.36655463e-07 6.150526904e-07 
9.965079828e-06 5.29620073e-06 4.38480447e-06 1.01498549e-06 1.131874358e-06 6.253129113e-07 8.287596042e-07 7.934121657e-07 4.486878627e-07 5.697327643e-07 
9.714344612e-06 5.029923744e-06 4.063380434e-06 9.714077578e-07 1.095878896e-06 6.00178879e-07 7.743373658e-07 7.576115958e-07 4.661128189e-07 5.34678175e-07 
9.345771105e-06 4.830266789e-06 3.590748163e-06 9.170331217e-07 1.067335834e-06 5.943994219e-07 7.381900267e-07 7.191515091e-07 4.659392922e-07 5.105985638e-07 
9.15558212e-06 4.652447257e-06 3.292819753e-06 8.859045368e-07 1.022211157e-06 5.919191243e-07 7.095530512e-07 6.929547973e-07 4.733744642e-07 4.888889821e-07 
8.975723956e-06 4.502550512e-06 3.100626535e-06 8.516368309e-07 9.809779239e-07 5.763323502e-07 6.69375871e-07 6.764316741e-07 4.870081024e-07 4.582657717e-07 
8.779286483e-06 4.381457789e-06 3.078576973e-06 8.305844566e-07 9.818163968e-07 4.794190431e-07 6.422988495e-07 6.535047013e-07 5.041586876e-07 4.392356467e-07 
8.658806629e-06 4.273260012e-06 3.049440985e-06 8.160257851e-07 9.624512895e-07 4.746027003e-07 6.332059326e-07 6.479532999e-07 5.071504461e-07 4.347385649e-07 
8.675643585e-06 4.201955941e-06 3.041537373e-06 8.037501592e-07 9.66931727e-07 4.780908635e-07 6.220214459e-07 6.315587579e-07 5.09521764e-07 4.289937863e-07 
8.559857088e-06 4.143931983e-06 3.0363929e-06 7.886958088e-07 9.459802754e-07 4.75362566e-07 6.150440527e-07 6.252005392e-07 5.077654805e-07 4.169291742e-07 
8.502123592e-06 4.114667263e-06 3.004196913e-06 7.784108789e-07 9.417283167e-07 4.707948378e-07 6.071275891e-07 6.231438476e-07 5.197634181e-07 4.153906445e-07 
